7 0.08533653846153846 0.5552884615384616 0.052884615384615384 0.07692307692307693
7 0.15865384615384615 0.4182692307692308 0.06009615384615385 0.052884615384615384
7 0.11899038461538461 0.4014423076923077 0.038461538461538464 0.06490384615384616
7 0.30528846153846156 0.4567307692307692 0.06490384615384616 0.06971153846153846
7 0.20552884615384615 0.5649038461538461 0.04326923076923077 0.057692307692307696
7 0.20673076923076922 0.6165865384615384 0.06009615384615385 0.052884615384615384
7 0.2644230769230769 0.5925480769230769 0.04567307692307692 0.06971153846153846
7 0.19230769230769232 0.8774038461538461 0.05048076923076923 0.057692307692307696
7 0.23197115384615385 0.8509615384615384 0.036057692307692304 0.038461538461538464
7 0.21875 0.9230769230769231 0.0673076923076923 0.06009615384615385
7 0.2704326923076923 0.8918269230769231 0.040865384615384616 0.08413461538461539
7 0.3317307692307692 0.8870192307692307 0.03365384615384615 0.0625
7 0.3858173076923077 0.8737980769230769 0.04807692307692308 0.03365384615384615
7 0.40384615384615385 0.8233173076923077 0.040865384615384616 0.03125
7 0.39302884615384615 0.7824519230769231 0.06971153846153846 0.07451923076923077
7 0.44471153846153844 0.8954326923076923 0.04567307692307692 0.0673076923076923
7 0.40625 0.9615384615384616 0.07451923076923077 0.06971153846153846
7 0.484375 0.9699519230769231 0.04567307692307692 0.06009615384615385
7 0.4807692307692308 0.8762019230769231 0.04326923076923077 0.040865384615384616
7 0.45552884615384615 0.8197115384615384 0.04326923076923077 0.057692307692307696
7 0.4963942307692308 0.828125 0.05048076923076923 0.06490384615384616
7 0.5228365384615384 0.8353365384615384 0.04567307692307692 0.07451923076923077
7 0.5492788461538461 0.8100961538461539 0.036057692307692304 0.06009615384615385
7 0.5733173076923077 0.6490384615384616 0.07211538461538461 0.09134615384615384
7 0.6442307692307693 0.6814903846153846 0.038461538461538464 0.07451923076923077
7 0.7079326923076923 0.6634615384615384 0.04807692307692308 0.052884615384615384
7 0.7524038461538461 0.6322115384615384 0.040865384615384616 0.07692307692307693
7 0.78125 0.671875 0.06971153846153846 0.0673076923076923
7 0.6862980769230769 0.6262019230769231 0.0673076923076923 0.09375
7 0.6237980769230769 0.6117788461538461 0.0625 0.0985576923076923
7 0.6995192307692307 0.49759615384615385 0.07932692307692307 0.0889423076923077
7 0.7728365384615384 0.5084134615384616 0.07451923076923077 0.07692307692307693
7 0.6947115384615384 0.42427884615384615 0.06490384615384616 0.07932692307692307
7 0.7632211538461539 0.4110576923076923 0.04807692307692308 0.06490384615384616
7 0.7956730769230769 0.3605769230769231 0.038461538461538464 0.04567307692307692
7 0.8581730769230769 0.39783653846153844 0.04567307692307692 0.06009615384615385
7 0.8786057692307693 0.20072115384615385 0.057692307692307696 0.08653846153846154
7 0.9723557692307693 0.17908653846153846 0.04326923076923077 0.07451923076923077
7 0.9819711538461539 0.265625 0.036057692307692304 0.06490384615384616
7 0.9867788461538461 0.3233173076923077 0.026442307692307692 0.05048076923076923
7 0.7139423076923077 0.11778846153846154 0.04807692307692308 0.055288461538461536
7 0.7259615384615384 0.16105769230769232 0.04807692307692308 0.028846153846153848
7 0.7259615384615384 0.2439903846153846 0.057692307692307696 0.08173076923076923
7 0.7139423076923077 0.18629807692307693 0.05048076923076923 0.0625
7 0.6766826923076923 0.06009615384615385 0.06971153846153846 0.0625
7 0.6502403846153846 0.11899038461538461 0.05048076923076923 0.04807692307692308
7 0.65625 0.16826923076923078 0.05048076923076923 0.052884615384615384
7 0.6466346153846154 0.234375 0.07451923076923077 0.0889423076923077
7 0.5841346153846154 0.2704326923076923 0.03365384615384615 0.06009615384615385
7 0.5721153846153846 0.24759615384615385 0.057692307692307696 0.07211538461538461
7 0.5204326923076923 0.3004807692307692 0.057692307692307696 0.09375
7 0.3701923076923077 0.3894230769230769 0.055288461538461536 0.07692307692307693
7 0.3701923076923077 0.4543269230769231 0.055288461538461536 0.0625
7 0.4074519230769231 0.4170673076923077 0.05048076923076923 0.06490384615384616
7 0.4579326923076923 0.4254807692307692 0.052884615384615384 0.04567307692307692
7 0.4326923076923077 0.47475961538461536 0.038461538461538464 0.0673076923076923
7 0.41346153846153844 0.49759615384615385 0.036057692307692304 0.04807692307692308
7 0.4026442307692308 0.5576923076923077 0.038461538461538464 0.052884615384615384
7 0.41586538461538464 0.5420673076923077 0.040865384615384616 0.04807692307692308
7 0.4338942307692308 0.5793269230769231 0.05048076923076923 0.07211538461538461
7 0.46875 0.5192307692307693 0.052884615384615384 0.07211538461538461
7 0.46875 0.48197115384615385 0.038461538461538464 0.07211538461538461
7 0.5012019230769231 0.43990384615384615 0.040865384615384616 0.06490384615384616
7 0.5504807692307693 0.41586538461538464 0.04326923076923077 0.052884615384615384
7 0.5961538461538461 0.38100961538461536 0.040865384615384616 0.057692307692307696
7 0.5408653846153846 0.46274038461538464 0.052884615384615384 0.06009615384615385
7 0.4987980769230769 0.4951923076923077 0.040865384615384616 0.055288461538461536