7 0.014423076923076924 0.29447115384615385 0.028846153846153848 0.07451923076923077
7 0.02283653846153846 0.22716346153846154 0.04567307692307692 0.06490384615384616
7 0.04927884615384615 0.18990384615384615 0.06009615384615385 0.04807692307692308
7 0.15865384615384615 0.16706730769230768 0.06009615384615385 0.0985576923076923
7 0.12139423076923077 0.18870192307692307 0.026442307692307692 0.05048076923076923
7 0.08774038461538461 0.2692307692307692 0.07211538461538461 0.07211538461538461
7 0.14182692307692307 0.30649038461538464 0.038461538461538464 0.06490384615384616
7 0.18509615384615385 0.29927884615384615 0.057692307692307696 0.07211538461538461
7 0.2247596153846154 0.28125 0.05048076923076923 0.052884615384615384
7 0.18870192307692307 0.4014423076923077 0.052884615384615384 0.038461538461538464
7 0.18509615384615385 0.35697115384615385 0.040865384615384616 0.052884615384615384
7 0.23918269230769232 0.3485576923076923 0.03365384615384615 0.055288461538461536
7 0.21634615384615385 0.375 0.028846153846153848 0.07692307692307693
7 0.2692307692307692 0.32091346153846156 0.06490384615384616 0.052884615384615384
7 0.28365384615384615 0.2848557692307692 0.03125 0.04567307692307692
7 0.28966346153846156 0.23677884615384615 0.07211538461538461 0.06009615384615385
7 0.3293269230769231 0.1875 0.07211538461538461 0.07692307692307693
7 0.36538461538461536 0.24158653846153846 0.057692307692307696 0.05048076923076923
7 0.3425480769230769 0.27403846153846156 0.04326923076923077 0.0625
7 0.39783653846153844 0.31009615384615385 0.026442307692307692 0.040865384615384616
7 0.38461538461538464 0.39783653846153844 0.06490384615384616 0.07211538461538461
7 0.4579326923076923 0.2956730769230769 0.040865384615384616 0.06971153846153846
7 0.46274038461538464 0.2439903846153846 0.057692307692307696 0.06009615384615385
7 0.4723557692307692 0.38221153846153844 0.04326923076923077 0.06971153846153846
7 0.6514423076923077 0.22956730769230768 0.055288461538461536 0.06971153846153846
7 0.6057692307692307 0.2536057692307692 0.026442307692307692 0.05048076923076923
7 0.6057692307692307 0.3425480769230769 0.05048076923076923 0.08413461538461539
7 0.5733173076923077 0.359375 0.04326923076923077 0.038461538461538464
7 0.5889423076923077 0.41586538461538464 0.04807692307692308 0.06490384615384616