7 0.5817307692307693 0.4795673076923077 0.05048076923076923 0.0625
7 0.6466346153846154 0.4074519230769231 0.04326923076923077 0.040865384615384616
7 0.6814903846153846 0.40865384615384615 0.021634615384615384 0.028846153846153848
7 0.6923076923076923 0.421875 0.028846153846153848 0.03125
7 0.7451923076923077 0.39783653846153844 0.03125 0.040865384615384616
7 0.7223557692307693 0.6334134615384616 0.026442307692307692 0.04567307692307692
7 0.7716346153846154 0.7475961538461539 0.038461538461538464 0.055288461538461536
7 0.8834134615384616 0.6574519230769231 0.03365384615384615 0.038461538461538464
7 0.8846153846153846 0.6286057692307693 0.04567307692307692 0.052884615384615384
7 0.9230769230769231 0.6454326923076923 0.038461538461538464 0.05048076923076923
7 0.9567307692307693 0.7079326923076923 0.040865384615384616 0.06971153846153846
7 0.7199519230769231 0.29086538461538464 0.036057692307692304 0.0673076923076923
7 0.9459134615384616 0.34134615384615385 0.038461538461538464 0.05048076923076923