7 0.04927884615384615 0.25721153846153844 0.07932692307692307 0.11778846153846154
7 0.21033653846153846 0.24759615384615385 0.1466346153846154 0.1346153846153846
7 0.32572115384615385 0.23197115384615385 0.14423076923076922 0.1346153846153846
7 0.3425480769230769 0.38461538461538464 0.12740384615384615 0.07932692307692307
7 0.16947115384615385 0.46875 0.17067307692307693 0.08173076923076923
7 0.2776442307692308 0.5673076923076923 0.17548076923076922 0.11298076923076923
7 0.3269230769230769 0.7331730769230769 0.17067307692307693 0.1778846153846154
7 0.44350961538461536 0.6766826923076923 0.10817307692307693 0.11538461538461539
7 0.3954326923076923 0.44711538461538464 0.1466346153846154 0.1346153846153846
7 0.5564903846153846 0.2620192307692308 0.12259615384615384 0.11298076923076923
7 0.46634615384615385 0.32091346153846156 0.12980769230769232 0.10817307692307693
7 0.6478365384615384 0.2764423076923077 0.0889423076923077 0.0889423076923077
7 0.7560096153846154 0.28365384615384615 0.16105769230769232 0.12740384615384615
7 0.6153846153846154 0.3737980769230769 0.09134615384615384 0.052884615384615384
7 0.5348557692307693 0.4338942307692308 0.16105769230769232 0.12259615384615384
7 0.7055288461538461 0.39663461538461536 0.10096153846153846 0.11778846153846154
7 0.6442307692307693 0.49158653846153844 0.10096153846153846 0.14182692307692307
7 0.7524038461538461 0.4675480769230769 0.11057692307692307 0.07932692307692307
7 0.8605769230769231 0.4639423076923077 0.12259615384615384 0.11298076923076923
7 0.8569711538461539 0.7427884615384616 0.12740384615384615 0.13701923076923078