7 0.13942307692307693 0.48197115384615385 0.055288461538461536 0.14423076923076922
7 0.5709134615384616 0.45913461538461536 0.08413461538461539 0.10336538461538461
7 0.42788461538461536 0.5276442307692307 0.09134615384615384 0.06490384615384616
7 0.4411057692307692 0.6189903846153846 0.09375 0.09375
7 0.5456730769230769 0.6286057692307693 0.07451923076923077 0.14182692307692307
7 0.5997596153846154 0.5877403846153846 0.040865384615384616 0.10576923076923077
7 0.6742788461538461 0.5504807692307693 0.07451923076923077 0.11057692307692307
7 0.8112980769230769 0.5420673076923077 0.13221153846153846 0.10817307692307693
7 0.6730769230769231 0.6778846153846154 0.057692307692307696 0.09615384615384616
7 0.7283653846153846 0.6442307692307693 0.04807692307692308 0.11298076923076923
7 0.7680288461538461 0.7211538461538461 0.09134615384615384 0.13221153846153846
7 0.7680288461538461 0.30408653846153844 0.007211538461538462 0.014423076923076924