7 0.052884615384615384 0.3701923076923077 0.10576923076923077 0.14182692307692307
7 0.0625 0.47716346153846156 0.125 0.12740384615384615
7 0.14783653846153846 0.3954326923076923 0.19471153846153846 0.15865384615384615
7 0.15264423076923078 0.578125 0.15144230769230768 0.18028846153846154
7 0.21394230769230768 0.46875 0.13701923076923078 0.1346153846153846
7 0.3076923076923077 0.40384615384615385 0.1658653846153846 0.1658653846153846
7 0.3798076923076923 0.2800480769230769 0.17548076923076922 0.1658653846153846
7 0.5228365384615384 0.2920673076923077 0.22115384615384615 0.19951923076923078
7 0.4675480769230769 0.4579326923076923 0.13221153846153846 0.15625
7 0.7091346153846154 0.3125 0.15865384615384615 0.22596153846153846
7 0.6165865384615384 0.4170673076923077 0.1778846153846154 0.18509615384615385
7 0.6201923076923077 0.5444711538461539 0.1658653846153846 0.20432692307692307
7 0.4855769230769231 0.6153846153846154 0.18990384615384615 0.1658653846153846
7 0.6502403846153846 0.6935096153846154 0.23798076923076922 0.2548076923076923
7 0.8185096153846154 0.390625 0.2644230769230769 0.2403846153846154
7 0.7860576923076923 0.5360576923076923 0.0985576923076923 0.1201923076923077
7 0.875 0.6189903846153846 0.23798076923076922 0.27884615384615385