7 0.3112980769230769 0.10216346153846154 0.04326923076923077 0.052884615384615384
7 0.1971153846153846 0.10216346153846154 0.021634615384615384 0.04326923076923077
7 0.17908653846153846 0.09134615384615384 0.028846153846153848 0.04567307692307692
7 0.1622596153846154 0.09975961538461539 0.028846153846153848 0.052884615384615384
7 0.13942307692307693 0.09375 0.021634615384615384 0.06009615384615385
7 0.09134615384615384 0.078125 0.03365384615384615 0.07451923076923077
7 0.039663461538461536 0.13822115384615385 0.03125 0.0625
7 0.03365384615384615 0.17908653846153846 0.026442307692307692 0.06971153846153846
7 0.09254807692307693 0.16105769230769232 0.038461538461538464 0.026442307692307692
7 0.08774038461538461 0.21153846153846154 0.038461538461538464 0.06971153846153846
7 0.09134615384615384 0.25240384615384615 0.03365384615384615 0.055288461538461536
7 0.03245192307692308 0.2548076923076923 0.02403846153846154 0.09375
7 0.020432692307692308 0.48197115384615385 0.040865384615384616 0.12259615384615384
7 0.1045673076923077 0.4182692307692308 0.05048076923076923 0.12259615384615384
7 0.15865384615384615 0.44471153846153844 0.028846153846153848 0.06971153846153846
7 0.18389423076923078 0.4951923076923077 0.038461538461538464 0.08413461538461539
7 0.21033653846153846 0.4387019230769231 0.038461538461538464 0.07211538461538461
7 0.21153846153846154 0.5060096153846154 0.040865384615384616 0.055288461538461536
7 0.2800480769230769 0.5204326923076923 0.06009615384615385 0.07692307692307693
7 0.24639423076923078 0.49038461538461536 0.03125 0.06009615384615385
7 0.27163461538461536 0.5769230769230769 0.06009615384615385 0.08173076923076923
7 0.29927884615384615 0.5733173076923077 0.04807692307692308 0.08653846153846154
7 0.33653846153846156 0.5853365384615384 0.04567307692307692 0.08653846153846154
7 0.2932692307692308 0.6646634615384616 0.052884615384615384 0.0985576923076923
7 0.36538461538461536 0.7091346153846154 0.057692307692307696 0.1201923076923077
7 0.4182692307692308 0.8137019230769231 0.055288461538461536 0.12980769230769232
7 0.4362980769230769 0.7163461538461539 0.052884615384615384 0.0985576923076923
7 0.4831730769230769 0.8100961538461539 0.0625 0.10096153846153846
7 0.1935096153846154 0.28966346153846156 0.03365384615384615 0.07692307692307693
7 0.203125 0.3473557692307692 0.02403846153846154 0.07692307692307693
7 0.22235576923076922 0.32572115384615385 0.04326923076923077 0.06009615384615385
7 0.24158653846153846 0.3629807692307692 0.028846153846153848 0.07451923076923077
7 0.27163461538461536 0.32211538461538464 0.021634615384615384 0.0625
7 0.3088942307692308 0.3798076923076923 0.04807692307692308 0.09615384615384616
7 0.35216346153846156 0.3076923076923077 0.03125 0.04326923076923077
7 0.36658653846153844 0.421875 0.055288461538461536 0.07932692307692307
7 0.4182692307692308 0.37740384615384615 0.0625 0.08413461538461539
7 0.42788461538461536 0.546875 0.04326923076923077 0.06971153846153846
7 0.4411057692307692 0.4723557692307692 0.03125 0.08173076923076923
7 0.4735576923076923 0.4831730769230769 0.04326923076923077 0.0985576923076923
7 0.4723557692307692 0.5336538461538461 0.038461538461538464 0.06490384615384616
7 0.49158653846153844 0.5997596153846154 0.04326923076923077 0.05048076923076923
7 0.47836538461538464 0.40625 0.028846153846153848 0.0625
7 0.5096153846153846 0.3762019230769231 0.03125 0.0673076923076923
7 0.5348557692307693 0.484375 0.03365384615384615 0.06490384615384616
7 0.5192307692307693 0.4951923076923077 0.04326923076923077 0.06009615384615385
7 0.53125 0.546875 0.057692307692307696 0.0625
7 0.5540865384615384 0.6418269230769231 0.08413461538461539 0.14903846153846154
7 0.5336538461538461 0.4050480769230769 0.03365384615384615 0.06009615384615385
7 0.5588942307692307 0.4723557692307692 0.040865384615384616 0.07692307692307693
7 0.5733173076923077 0.42427884615384615 0.055288461538461536 0.0673076923076923
7 0.5925480769230769 0.4170673076923077 0.05048076923076923 0.04326923076923077
7 0.6141826923076923 0.4891826923076923 0.05048076923076923 0.09615384615384616
7 0.6021634615384616 0.546875 0.04326923076923077 0.07692307692307693
7 0.6274038461538461 0.5697115384615384 0.036057692307692304 0.06490384615384616
7 0.6478365384615384 0.5384615384615384 0.06971153846153846 0.0673076923076923
7 0.6574519230769231 0.4639423076923077 0.055288461538461536 0.09375
7 0.7067307692307693 0.5084134615384616 0.0673076923076923 0.09134615384615384
7 0.6682692307692307 0.32211538461538464 0.052884615384615384 0.09615384615384616
7 0.7163461538461539 0.3485576923076923 0.038461538461538464 0.06009615384615385
7 0.8040865384615384 0.39783653846153844 0.07692307692307693 0.09134615384615384
7 0.7668269230769231 0.4807692307692308 0.08413461538461539 0.052884615384615384
7 0.7728365384615384 0.5252403846153846 0.057692307692307696 0.09134615384615384
7 0.9399038461538461 0.4579326923076923 0.04567307692307692 0.07692307692307693
7 0.7055288461538461 0.5973557692307693 0.0625 0.13942307692307693
7 0.7752403846153846 0.6225961538461539 0.0625 0.12980769230769232
7 0.8137019230769231 0.6610576923076923 0.036057692307692304 0.06490384615384616
7 0.8521634615384616 0.6730769230769231 0.036057692307692304 0.09134615384615384
7 0.9170673076923077 0.7007211538461539 0.10817307692307693 0.1875
7 0.7644230769230769 0.8221153846153846 0.0889423076923077 0.15625
7 0.8497596153846154 0.8978365384615384 0.10096153846153846 0.15384615384615385
7 0.9278846153846154 0.9519230769230769 0.0673076923076923 0.09615384615384616