7 0.12379807692307693 0.057692307692307696 0.20192307692307693 0.07211538461538461
7 0.23557692307692307 0.12139423076923077 0.18028846153846154 0.07451923076923077
7 0.48197115384615385 0.11298076923076923 0.18028846153846154 0.10096153846153846
7 0.6598557692307693 0.1971153846153846 0.18990384615384615 0.06971153846153846
7 0.5853365384615384 0.2824519230769231 0.18028846153846154 0.06490384615384616
7 0.5709134615384616 0.3605769230769231 0.1466346153846154 0.08173076923076923
7 0.47475961538461536 0.4026442307692308 0.1466346153846154 0.06009615384615385
7 0.21754807692307693 0.4411057692307692 0.16105769230769232 0.11057692307692307
7 0.10096153846153846 0.5432692307692307 0.14423076923076922 0.09615384615384616
7 0.2956730769230769 0.796875 0.09615384615384616 0.09615384615384616
7 0.16947115384615385 0.8870192307692307 0.20432692307692307 0.10817307692307693
7 0.37259615384615385 0.8870192307692307 0.21153846153846154 0.10817307692307693
7 0.34615384615384615 0.6358173076923077 0.07451923076923077 0.08653846153846154
7 0.3076923076923077 0.5733173076923077 0.18028846153846154 0.09615384615384616
7 0.4110576923076923 0.5504807692307693 0.1778846153846154 0.07692307692307693
7 0.4543269230769231 0.6454326923076923 0.13221153846153846 0.038461538461538464
7 0.5564903846153846 0.6875 0.09134615384615384 0.06009615384615385
7 0.6225961538461539 0.7055288461538461 0.14182692307692307 0.052884615384615384
7 0.5805288461538461 0.5036057692307693 0.1875 0.07451923076923077
7 0.5564903846153846 0.6033653846153846 0.11298076923076923 0.07451923076923077
7 0.6310096153846154 0.6490384615384616 0.11057692307692307 0.055288461538461536