7 0.26322115384615385 0.8665865384615384 0.10336538461538461 0.11778846153846154
7 0.15264423076923078 0.3425480769230769 0.07211538461538461 0.06490384615384616
7 0.18509615384615385 0.42908653846153844 0.07692307692307693 0.07211538461538461
7 0.24879807692307693 0.46153846153846156 0.0673076923076923 0.07692307692307693
7 0.2704326923076923 0.39663461538461536 0.036057692307692304 0.038461538461538464
7 0.3125 0.35336538461538464 0.0625 0.0625
7 0.3870192307692308 0.3233173076923077 0.055288461538461536 0.0625
7 0.36778846153846156 0.5084134615384616 0.06009615384615385 0.07451923076923077
7 0.41346153846153844 0.45552884615384615 0.036057692307692304 0.040865384615384616
7 0.4098557692307692 0.49759615384615385 0.06971153846153846 0.06490384615384616
7 0.47475961538461536 0.703125 0.057692307692307696 0.07692307692307693
7 0.5252403846153846 0.6310096153846154 0.06971153846153846 0.10817307692307693
7 0.515625 0.39663461538461536 0.0673076923076923 0.06490384615384616
7 0.5949519230769231 0.39663461538461536 0.038461538461538464 0.052884615384615384
7 0.5985576923076923 0.3581730769230769 0.08173076923076923 0.07692307692307693
7 0.7379807692307693 0.3581730769230769 0.06971153846153846 0.07211538461538461
7 0.9350961538461539 0.31850961538461536 0.07932692307692307 0.07932692307692307
7 0.7079326923076923 0.5480769230769231 0.07932692307692307 0.07932692307692307
7 0.6370192307692307 0.5709134615384616 0.055288461538461536 0.06490384615384616