7 0.26802884615384615 0.4098557692307692 0.028846153846153848 0.03365384615384615
7 0.33052884615384615 0.28725961538461536 0.021634615384615384 0.03365384615384615
7 0.36658653846153844 0.265625 0.026442307692307692 0.026442307692307692
7 0.3641826923076923 0.2776442307692308 0.016826923076923076 0.019230769230769232
7 0.36658653846153844 0.3004807692307692 0.019230769230769232 0.026442307692307692
7 0.3557692307692308 0.328125 0.028846153846153848 0.02403846153846154
7 0.4026442307692308 0.2800480769230769 0.02403846153846154 0.02403846153846154
7 0.421875 0.29447115384615385 0.026442307692307692 0.016826923076923076
7 0.5072115384615384 0.3701923076923077 0.007211538461538462 0.028846153846153848
7 0.5072115384615384 0.2800480769230769 0.03365384615384615 0.026442307692307692
7 0.5288461538461539 0.2512019230769231 0.028846153846153848 0.036057692307692304
7 0.6117788461538461 0.37259615384615385 0.016826923076923076 0.02403846153846154
7 0.6754807692307693 0.31009615384615385 0.019230769230769232 0.014423076923076924
7 0.7776442307692307 0.30528846153846156 0.036057692307692304 0.03125
7 0.5048076923076923 0.4651442307692308 0.04807692307692308 0.036057692307692304
7 0.5973557692307693 0.4495192307692308 0.002403846153846154 0.002403846153846154