7 0.04927884615384615 0.5360576923076923 0.028846153846153848 0.055288461538461536
7 0.07211538461538461 0.5709134615384616 0.05048076923076923 0.06009615384615385
7 0.0889423076923077 0.59375 0.040865384615384616 0.05048076923076923
7 0.08533653846153846 0.2620192307692308 0.06009615384615385 0.040865384615384616
7 0.09014423076923077 0.2956730769230769 0.03125 0.04807692307692308
7 0.10576923076923077 0.32572115384615385 0.038461538461538464 0.057692307692307696
7 0.12620192307692307 0.29086538461538464 0.04567307692307692 0.040865384615384616
7 0.12379807692307693 0.21634615384615385 0.052884615384615384 0.06009615384615385
7 0.17427884615384615 0.2283653846153846 0.040865384615384616 0.040865384615384616
7 0.19951923076923078 0.30288461538461536 0.06009615384615385 0.04326923076923077
7 0.23317307692307693 0.33052884615384615 0.0625 0.057692307692307696
7 0.23557692307692307 0.20673076923076922 0.06009615384615385 0.040865384615384616
7 0.24278846153846154 0.24879807692307693 0.05048076923076923 0.036057692307692304
7 0.26322115384615385 0.20673076923076922 0.055288461538461536 0.055288461538461536
7 0.2980769230769231 0.24519230769230768 0.07211538461538461 0.06009615384615385
7 0.35216346153846156 0.2692307692307692 0.07211538461538461 0.06490384615384616
7 0.3269230769230769 0.203125 0.057692307692307696 0.038461538461538464
7 0.35336538461538464 0.21995192307692307 0.0625 0.021634615384615384
7 0.41947115384615385 0.19591346153846154 0.06971153846153846 0.057692307692307696
7 0.3737980769230769 0.1935096153846154 0.05048076923076923 0.04326923076923077
7 0.2776442307692308 0.34975961538461536 0.021634615384615384 0.06490384615384616
7 0.3112980769230769 0.35336538461538464 0.040865384615384616 0.07932692307692307
7 0.4362980769230769 0.2668269230769231 0.052884615384615384 0.07211538461538461
7 0.17908653846153846 0.5528846153846154 0.04567307692307692 0.0625
7 0.21394230769230768 0.5180288461538461 0.0673076923076923 0.052884615384615384
7 0.2620192307692308 0.49759615384615385 0.052884615384615384 0.055288461538461536
7 0.21875 0.6105769230769231 0.07932692307692307 0.06009615384615385
7 0.24278846153846154 0.5901442307692307 0.07211538461538461 0.057692307692307696
7 0.2644230769230769 0.5444711538461539 0.06009615384615385 0.040865384615384616
7 0.30528846153846156 0.53125 0.06490384615384616 0.057692307692307696
7 0.3016826923076923 0.5889423076923077 0.026442307692307692 0.08413461538461539
7 0.3161057692307692 0.6177884615384616 0.040865384615384616 0.0673076923076923
7 0.3473557692307692 0.5637019230769231 0.040865384615384616 0.0625
7 0.41346153846153844 0.6899038461538461 0.057692307692307696 0.09375
7 0.40384615384615385 0.41586538461538464 0.04807692307692308 0.0625
7 0.42908653846153844 0.44591346153846156 0.09134615384615384 0.052884615384615384
7 0.453125 0.41346153846153844 0.0625 0.055288461538461536
7 0.5444711538461539 0.1778846153846154 0.08173076923076923 0.05048076923076923
7 0.5504807692307693 0.2548076923076923 0.0625 0.057692307692307696
7 0.6262019230769231 0.22956730769230768 0.06009615384615385 0.07932692307692307
7 0.703125 0.21033653846153846 0.05048076923076923 0.06971153846153846
7 0.7536057692307693 0.23557692307692307 0.07211538461538461 0.06009615384615385
7 0.7776442307692307 0.21634615384615385 0.052884615384615384 0.055288461538461536
7 0.7800480769230769 0.27163461538461536 0.057692307692307696 0.040865384615384616
7 0.7055288461538461 0.26322115384615385 0.04567307692307692 0.052884615384615384
7 0.71875 0.29086538461538464 0.05048076923076923 0.04807692307692308
7 0.7067307692307693 0.3245192307692308 0.019230769230769232 0.07932692307692307
7 0.7175480769230769 0.375 0.038461538461538464 0.057692307692307696
7 0.734375 0.35336538461538464 0.028846153846153848 0.057692307692307696
7 0.7584134615384616 0.3798076923076923 0.04567307692307692 0.08413461538461539
7 0.7896634615384616 0.3786057692307692 0.036057692307692304 0.07211538461538461
7 0.8689903846153846 0.26802884615384615 0.0625 0.07692307692307693
7 0.5360576923076923 0.43028846153846156 0.0673076923076923 0.06971153846153846
7 0.5817307692307693 0.4170673076923077 0.057692307692307696 0.04326923076923077
7 0.5961538461538461 0.45072115384615385 0.028846153846153848 0.052884615384615384
7 0.6322115384615384 0.47115384615384615 0.040865384615384616 0.055288461538461536
7 0.6430288461538461 0.4098557692307692 0.04807692307692308 0.04326923076923077
7 0.6838942307692307 0.4206730769230769 0.03365384615384615 0.028846153846153848
7 0.6466346153846154 0.46274038461538464 0.04567307692307692 0.057692307692307696
7 0.6826923076923077 0.46634615384615385 0.040865384615384616 0.04567307692307692
7 0.7175480769230769 0.45913461538461536 0.06009615384615385 0.036057692307692304
7 0.7680288461538461 0.4387019230769231 0.06490384615384616 0.038461538461538464
7 0.7163461538461539 0.5192307692307693 0.07211538461538461 0.06971153846153846
7 0.47836538461538464 0.5192307692307693 0.06971153846153846 0.04567307692307692
7 0.49038461538461536 0.5564903846153846 0.07211538461538461 0.036057692307692304
7 0.5024038461538461 0.6189903846153846 0.04807692307692308 0.08173076923076923
7 0.5516826923076923 0.5432692307692307 0.036057692307692304 0.09375
7 0.5612980769230769 0.59375 0.06009615384615385 0.05048076923076923
7 0.5625 0.6502403846153846 0.04807692307692308 0.09615384615384616
7 0.5949519230769231 0.65625 0.04567307692307692 0.07932692307692307
7 0.6225961538461539 0.6045673076923077 0.036057692307692304 0.06490384615384616
7 0.6875 0.6875 0.07211538461538461 0.08173076923076923
7 0.7199519230769231 0.6334134615384616 0.04567307692307692 0.057692307692307696
7 0.9254807692307693 0.8197115384615384 0.08173076923076923 0.10336538461538461
7 0.8713942307692307 0.8221153846153846 0.06009615384615385 0.06009615384615385