7 0.05048076923076923 0.5745192307692307 0.10096153846153846 0.1875
7 0.12860576923076922 0.65625 0.0673076923076923 0.18509615384615385
7 0.24278846153846154 0.32572115384615385 0.09615384615384616 0.21875
7 0.25961538461538464 0.6790865384615384 0.0673076923076923 0.15384615384615385
7 0.33413461538461536 0.5961538461538461 0.07451923076923077 0.21634615384615385
7 0.3798076923076923 0.38461538461538464 0.0985576923076923 0.15384615384615385
7 0.4098557692307692 0.47836538461538464 0.10576923076923077 0.19951923076923078
7 0.45913461538461536 0.5204326923076923 0.11538461538461539 0.18990384615384615
7 0.3641826923076923 0.7451923076923077 0.11298076923076923 0.2091346153846154
7 0.4338942307692308 0.7139423076923077 0.052884615384615384 0.09375
7 0.515625 0.6670673076923077 0.12980769230769232 0.13942307692307693
7 0.5408653846153846 0.3870192307692308 0.04567307692307692 0.0985576923076923
7 0.5841346153846154 0.4014423076923077 0.08413461538461539 0.16105769230769232
7 0.6105769230769231 0.5012019230769231 0.1466346153846154 0.19951923076923078
7 0.6646634615384616 0.46875 0.057692307692307696 0.0889423076923077
7 0.7139423076923077 0.3942307692307692 0.12740384615384615 0.15144230769230768
7 0.6502403846153846 0.6225961538461539 0.15384615384615385 0.17067307692307693
7 0.6574519230769231 0.8413461538461539 0.12980769230769232 0.21634615384615385
7 0.6418269230769231 0.7319711538461539 0.09615384615384616 0.10336538461538461
7 0.7596153846153846 0.6983173076923077 0.0889423076923077 0.16346153846153846
7 0.8365384615384616 0.6153846153846154 0.10096153846153846 0.0889423076923077
7 0.8509615384615384 0.7055288461538461 0.14423076923076922 0.11298076923076923
7 0.8894230769230769 0.5372596153846154 0.11298076923076923 0.12259615384615384
7 0.7524038461538461 0.20793269230769232 0.10336538461538461 0.12259615384615384
7 0.7211538461538461 0.15264423076923078 0.10336538461538461 0.13942307692307693
7 0.8461538461538461 0.13581730769230768 0.12740384615384615 0.15865384615384615