7 0.40865384615384615 0.5877403846153846 0.06009615384615385 0.07932692307692307
7 0.44350961538461536 0.59375 0.04807692307692308 0.04807692307692308
7 0.46274038461538464 0.5685096153846154 0.05048076923076923 0.055288461538461536
7 0.4891826923076923 0.5841346153846154 0.02403846153846154 0.04567307692307692
7 0.5120192307692307 0.6213942307692307 0.057692307692307696 0.055288461538461536
7 0.515625 0.5817307692307693 0.04807692307692308 0.04326923076923077
7 0.53125 0.5697115384615384 0.04326923076923077 0.04567307692307692
7 0.47836538461538464 0.6274038461538461 0.055288461538461536 0.07692307692307693
7 0.5540865384615384 0.6105769230769231 0.04567307692307692 0.04567307692307692
7 0.5709134615384616 0.6418269230769231 0.052884615384615384 0.0673076923076923
7 0.6045673076923077 0.6418269230769231 0.05048076923076923 0.04326923076923077
7 0.6009615384615384 0.6802884615384616 0.07211538461538461 0.06490384615384616
7 0.5697115384615384 0.7091346153846154 0.06009615384615385 0.06971153846153846
7 0.5661057692307693 0.7584134615384616 0.055288461538461536 0.07932692307692307