7 0.2824519230769231 0.17427884615384615 0.0625 0.07692307692307693
7 0.36177884615384615 0.16346153846153846 0.052884615384615384 0.10576923076923077
7 0.4026442307692308 0.11899038461538461 0.03365384615384615 0.05048076923076923
7 0.4254807692307692 0.15144230769230768 0.036057692307692304 0.036057692307692304
7 0.4519230769230769 0.1310096153846154 0.040865384615384616 0.06009615384615385
7 0.5240384615384616 0.10216346153846154 0.026442307692307692 0.07451923076923077
7 0.5901442307692307 0.10096153846153846 0.02403846153846154 0.038461538461538464
7 0.6069711538461539 0.06370192307692307 0.052884615384615384 0.057692307692307696
7 0.25721153846153844 0.7283653846153846 0.04567307692307692 0.04807692307692308
7 0.25841346153846156 0.7920673076923077 0.038461538461538464 0.07451923076923077
7 0.29927884615384615 0.8100961538461539 0.040865384615384616 0.06971153846153846
7 0.3245192307692308 0.7764423076923077 0.036057692307692304 0.09134615384615384
7 0.36177884615384615 0.796875 0.038461538461538464 0.06490384615384616
7 0.38100961538461536 0.7644230769230769 0.06971153846153846 0.09615384615384616
7 0.7896634615384616 0.7716346153846154 0.05048076923076923 0.07692307692307693
7 0.859375 0.7872596153846154 0.036057692307692304 0.08413461538461539
7 0.8762019230769231 0.7475961538461539 0.03125 0.06971153846153846
7 0.9242788461538461 0.7800480769230769 0.04326923076923077 0.08173076923076923
7 0.9603365384615384 0.7427884615384616 0.06009615384615385 0.10576923076923077