7 0.21033653846153846 0.40625 0.16826923076923078 0.22355769230769232
7 0.20192307692307693 0.18028846153846154 0.12740384615384615 0.20673076923076922
7 0.30408653846153844 0.34615384615384615 0.17548076923076922 0.13942307692307693
7 0.4879807692307692 0.27163461538461536 0.13221153846153846 0.18990384615384615
7 0.6021634615384616 0.24759615384615385 0.20673076923076922 0.19951923076923078
7 0.421875 0.3870192307692308 0.1658653846153846 0.13221153846153846
7 0.36658653846153844 0.4963942307692308 0.18028846153846154 0.15144230769230768
7 0.49759615384615385 0.4338942307692308 0.11538461538461539 0.13701923076923078
7 0.484375 0.5949519230769231 0.18028846153846154 0.24759615384615385
7 0.6274038461538461 0.4831730769230769 0.16346153846153846 0.2932692307692308
7 0.71875 0.4170673076923077 0.13701923076923078 0.2283653846153846
7 0.6298076923076923 0.765625 0.15865384615384615 0.2091346153846154
7 0.7764423076923077 0.7932692307692307 0.17067307692307693 0.27163461538461536
7 0.859375 0.7644230769230769 0.1658653846153846 0.2932692307692308
7 0.28365384615384615 0.6322115384615384 0.1658653846153846 0.15384615384615385