7 0.14302884615384615 0.5288461538461539 0.09375 0.10817307692307693
7 0.21514423076923078 0.5576923076923077 0.06009615384615385 0.06971153846153846
7 0.265625 0.5324519230769231 0.0673076923076923 0.07451923076923077
7 0.3641826923076923 0.48197115384615385 0.09375 0.08173076923076923
7 0.41947115384615385 0.5252403846153846 0.08413461538461539 0.07692307692307693
7 0.3473557692307692 0.5709134615384616 0.06490384615384616 0.0673076923076923
7 0.41586538461538464 0.625 0.09375 0.08413461538461539
7 0.5024038461538461 0.49399038461538464 0.04567307692307692 0.0625
7 0.5408653846153846 0.4543269230769231 0.06490384615384616 0.07451923076923077
7 0.6009615384615384 0.4375 0.07451923076923077 0.05048076923076923
7 0.6021634615384616 0.4987980769230769 0.055288461538461536 0.06971153846153846
7 0.6875 0.484375 0.08653846153846154 0.07451923076923077
7 0.75 0.41466346153846156 0.08653846153846154 0.07451923076923077