7 0.31009615384615385 0.15865384615384615 0.1201923076923077 0.18990384615384615
7 0.375 0.09615384615384616 0.06490384615384616 0.125
7 0.2548076923076923 0.2932692307692308 0.10336538461538461 0.13942307692307693
7 0.16105769230769232 0.27403846153846156 0.07451923076923077 0.14423076923076922
7 0.15745192307692307 0.39663461538461536 0.07932692307692307 0.17067307692307693
7 0.10697115384615384 0.49158653846153844 0.09134615384615384 0.15144230769230768
7 0.078125 0.6237980769230769 0.14182692307692307 0.12259615384615384
7 0.109375 0.7896634615384616 0.15384615384615385 0.22355769230769232
7 0.23918269230769232 0.6334134615384616 0.21875 0.14903846153846154
7 0.22956730769230768 0.7920673076923077 0.0985576923076923 0.24278846153846154
7 0.36658653846153844 0.7115384615384616 0.0985576923076923 0.16105769230769232
7 0.4182692307692308 0.8605769230769231 0.13942307692307693 0.1658653846153846
7 0.5973557692307693 0.8605769230769231 0.09615384615384616 0.27163461538461536
7 0.6213942307692307 0.6346153846153846 0.10576923076923077 0.17307692307692307
7 0.7487980769230769 0.6754807692307693 0.11298076923076923 0.2620192307692308
7 0.7512019230769231 0.3125 0.07451923076923077 0.17548076923076922
7 0.9242788461538461 0.28725961538461536 0.15144230769230768 0.2668269230769231
7 0.5504807692307693 0.45913461538461536 0.17307692307692307 0.19951923076923078
7 0.4651442307692308 0.3233173076923077 0.10336538461538461 0.17067307692307693
7 0.5360576923076923 0.18028846153846154 0.09615384615384616 0.13701923076923078
7 0.5516826923076923 0.296875 0.09375 0.11778846153846154
7 0.6237980769230769 0.234375 0.0889423076923077 0.1466346153846154
7 0.6201923076923077 0.14182692307692307 0.06971153846153846 0.11298076923076923
7 0.6322115384615384 0.07091346153846154 0.11298076923076923 0.10817307692307693