7 0.20673076923076922 0.3737980769230769 0.10817307692307693 0.1658653846153846
7 0.10336538461538461 0.6057692307692307 0.16105769230769232 0.18990384615384615
7 0.3918269230769231 0.6454326923076923 0.13221153846153846 0.1201923076923077
7 0.4326923076923077 0.7596153846153846 0.14423076923076922 0.1346153846153846
7 0.5336538461538461 0.43990384615384615 0.1346153846153846 0.12740384615384615
7 0.6201923076923077 0.5877403846153846 0.11538461538461539 0.09615384615384616
7 0.6346153846153846 0.5348557692307693 0.12740384615384615 0.10576923076923077
7 0.7175480769230769 0.47836538461538464 0.09615384615384616 0.10336538461538461
7 0.7199519230769231 0.41225961538461536 0.09375 0.11298076923076923
7 0.8028846153846154 0.36658653846153844 0.08653846153846154 0.13942307692307693
7 0.9507211538461539 0.38461538461538464 0.0985576923076923 0.13221153846153846
7 0.7560096153846154 0.27163461538461536 0.052884615384615384 0.09134615384615384
7 0.7319711538461539 0.22115384615384615 0.07211538461538461 0.0889423076923077
7 0.6947115384615384 0.2536057692307692 0.036057692307692304 0.06971153846153846
7 0.6790865384615384 0.21033653846153846 0.08413461538461539 0.1346153846153846
7 0.6237980769230769 0.125 0.08653846153846154 0.1346153846153846
7 0.7103365384615384 0.109375 0.055288461538461536 0.09134615384615384
7 0.8040865384615384 0.08653846153846154 0.0625 0.0673076923076923
7 0.8377403846153846 0.16706730769230768 0.06490384615384616 0.09615384615384616
7 0.7764423076923077 0.16826923076923078 0.06971153846153846 0.09615384615384616