7 0.12980769230769232 0.5180288461538461 0.11298076923076923 0.10336538461538461
7 0.24639423076923078 0.5228365384615384 0.07692307692307693 0.10096153846153846
7 0.38341346153846156 0.5432692307692307 0.07211538461538461 0.08413461538461539
7 0.4579326923076923 0.5612980769230769 0.06490384615384616 0.12259615384615384
7 0.609375 0.5528846153846154 0.07692307692307693 0.10336538461538461
7 0.6610576923076923 0.6045673076923077 0.06490384615384616 0.10096153846153846
7 0.7007211538461539 0.5709134615384616 0.1201923076923077 0.12259615384615384
7 0.8064903846153846 0.6201923076923077 0.10576923076923077 0.10336538461538461
7 0.8677884615384616 0.6298076923076923 0.0673076923076923 0.09134615384615384
7 0.875 0.5552884615384616 0.10096153846153846 0.08653846153846154
7 0.8425480769230769 0.5036057692307693 0.0985576923076923 0.08413461538461539
7 0.9603365384615384 0.5420673076923077 0.07932692307692307 0.07211538461538461