7 0.2932692307692308 0.6646634615384616 0.2668269230769231 0.3076923076923077
7 0.18389423076923078 0.4230769230769231 0.13221153846153846 0.15144230769230768
7 0.28725961538461536 0.47475961538461536 0.06009615384615385 0.0625
7 0.35216346153846156 0.4699519230769231 0.0625 0.07932692307692307
7 0.4110576923076923 0.4254807692307692 0.06490384615384616 0.09134615384615384
7 0.46875 0.44711538461538464 0.04807692307692308 0.07692307692307693
7 0.5288461538461539 0.4735576923076923 0.06490384615384616 0.06971153846153846
7 0.5925480769230769 0.4963942307692308 0.07451923076923077 0.09375
7 0.6995192307692307 0.5168269230769231 0.07692307692307693 0.10576923076923077
7 0.49158653846153844 0.3870192307692308 0.016826923076923076 0.019230769230769232
7 0.5324519230769231 0.40024038461538464 0.009615384615384616 0.016826923076923076
7 0.5432692307692307 0.4074519230769231 0.009615384615384616 0.01201923076923077
7 0.5480769230769231 0.4026442307692308 0.009615384615384616 0.009615384615384616
7 0.5552884615384616 0.40865384615384615 0.009615384615384616 0.014423076923076924
7 0.5625 0.4074519230769231 0.01201923076923077 0.02403846153846154
7 0.5733173076923077 0.4098557692307692 0.014423076923076924 0.021634615384615384
7 0.5745192307692307 0.4182692307692308 0.014423076923076924 0.016826923076923076
7 0.5829326923076923 0.41586538461538464 0.016826923076923076 0.026442307692307692
7 0.5925480769230769 0.41586538461538464 0.014423076923076924 0.021634615384615384
7 0.6009615384615384 0.4182692307692308 0.007211538461538462 0.019230769230769232
7 0.6069711538461539 0.4230769230769231 0.009615384615384616 0.009615384615384616