7 0.23798076923076922 0.296875 0.038461538461538464 0.06009615384615385
7 0.1045673076923077 0.3605769230769231 0.036057692307692304 0.057692307692307696
7 0.41947115384615385 0.3401442307692308 0.03365384615384615 0.057692307692307696
7 0.42427884615384615 0.4411057692307692 0.038461538461538464 0.057692307692307696
7 0.46153846153846156 0.40024038461538464 0.026442307692307692 0.04567307692307692
7 0.5024038461538461 0.39663461538461536 0.016826923076923076 0.026442307692307692
7 0.5096153846153846 0.36778846153846156 0.026442307692307692 0.036057692307692304
7 0.5048076923076923 0.34975961538461536 0.01201923076923077 0.026442307692307692
7 0.5300480769230769 0.3245192307692308 0.028846153846153848 0.05048076923076923
7 0.4639423076923077 0.20072115384615385 0.040865384615384616 0.052884615384615384
7 0.6887019230769231 0.17908653846153846 0.036057692307692304 0.055288461538461536
7 0.6526442307692307 0.19951923076923078 0.021634615384615384 0.03365384615384615
7 0.5588942307692307 0.38221153846153844 0.05048076923076923 0.06490384615384616
7 0.5408653846153846 0.4014423076923077 0.026442307692307692 0.040865384615384616
7 0.5108173076923077 0.4230769230769231 0.028846153846153848 0.04567307692307692
7 0.5625 0.4987980769230769 0.040865384615384616 0.055288461538461536
7 0.5709134615384616 0.4579326923076923 0.03125 0.052884615384615384
7 0.5516826923076923 0.4411057692307692 0.03365384615384615 0.03365384615384615
7 0.6153846153846154 0.44471153846153844 0.021634615384615384 0.057692307692307696
7 0.6742788461538461 0.37259615384615385 0.0625 0.0625
7 0.7103365384615384 0.5048076923076923 0.057692307692307696 0.05048076923076923
7 0.6514423076923077 0.6802884615384616 0.0625 0.07451923076923077
7 0.7427884615384616 0.5889423076923077 0.028846153846153848 0.04326923076923077
7 0.7752403846153846 0.6466346153846154 0.04326923076923077 0.07211538461538461
7 0.8161057692307693 0.65625 0.026442307692307692 0.05048076923076923
7 0.8401442307692307 0.6358173076923077 0.03125 0.04326923076923077
7 0.9338942307692307 0.6105769230769231 0.04326923076923077 0.06490384615384616
7 0.8125 0.7019230769230769 0.057692307692307696 0.06971153846153846