7 0.5685096153846154 0.4879807692307692 0.040865384615384616 0.038461538461538464
7 0.6754807692307693 0.4831730769230769 0.04807692307692308 0.04326923076923077
7 0.7283653846153846 0.42427884615384615 0.038461538461538464 0.04326923076923077
7 0.7608173076923077 0.4411057692307692 0.02403846153846154 0.016826923076923076
7 0.7139423076923077 0.484375 0.021634615384615384 0.026442307692307692
7 0.7163461538461539 0.4675480769230769 0.02403846153846154 0.021634615384615384
7 0.7451923076923077 0.4579326923076923 0.038461538461538464 0.02403846153846154
7 0.7439903846153846 0.48677884615384615 0.036057692307692304 0.028846153846153848
7 0.7740384615384616 0.47475961538461536 0.03125 0.028846153846153848
7 0.8004807692307693 0.46274038461538464 0.036057692307692304 0.026442307692307692
7 0.796875 0.4855769230769231 0.016826923076923076 0.026442307692307692
7 0.8137019230769231 0.49759615384615385 0.028846153846153848 0.036057692307692304
7 0.8112980769230769 0.5228365384615384 0.03365384615384615 0.03125
7 0.8137019230769231 0.47475961538461536 0.036057692307692304 0.026442307692307692
7 0.8617788461538461 0.49158653846153844 0.036057692307692304 0.03125
7 0.8377403846153846 0.46153846153846156 0.04326923076923077 0.04326923076923077
7 0.8930288461538461 0.4735576923076923 0.04567307692307692 0.038461538461538464