7 0.18629807692307693 0.6153846153846154 0.019230769230769232 0.02403846153846154
7 0.2620192307692308 0.5637019230769231 0.021634615384615384 0.02403846153846154
7 0.25240384615384615 0.5300480769230769 0.016826923076923076 0.026442307692307692
7 0.2800480769230769 0.5168269230769231 0.021634615384615384 0.016826923076923076
7 0.2800480769230769 0.5264423076923077 0.01201923076923077 0.016826923076923076
7 0.2776442307692308 0.5408653846153846 0.021634615384615384 0.021634615384615384
7 0.30649038461538464 0.5240384615384616 0.016826923076923076 0.019230769230769232
7 0.3173076923076923 0.5384615384615384 0.016826923076923076 0.026442307692307692
7 0.3269230769230769 0.65625 0.028846153846153848 0.03125
7 0.3545673076923077 0.5841346153846154 0.016826923076923076 0.026442307692307692
7 0.3737980769230769 0.5276442307692307 0.016826923076923076 0.021634615384615384
7 0.42908653846153844 0.5865384615384616 0.016826923076923076 0.021634615384615384
7 0.4891826923076923 0.546875 0.01201923076923077 0.021634615384615384
7 0.5637019230769231 0.5384615384615384 0.019230769230769232 0.021634615384615384
7 0.609375 0.5588942307692307 0.01201923076923077 0.014423076923076924