7 0.15264423076923078 0.5516826923076923 0.12980769230769232 0.1466346153846154
7 0.25240384615384615 0.5865384615384616 0.10576923076923077 0.1346153846153846
7 0.3329326923076923 0.5216346153846154 0.08173076923076923 0.0889423076923077
7 0.3605769230769231 0.234375 0.1658653846153846 0.10096153846153846
7 0.36778846153846156 0.29086538461538464 0.04567307692307692 0.14423076923076922
7 0.44350961538461536 0.3016826923076923 0.13701923076923078 0.10576923076923077
7 0.4362980769230769 0.45913461538461536 0.14903846153846154 0.14182692307692307
7 0.5637019230769231 0.39663461538461536 0.11538461538461539 0.15384615384615385
7 0.5276442307692307 0.47716346153846156 0.14182692307692307 0.08173076923076923
7 0.5949519230769231 0.5384615384615384 0.09375 0.11778846153846154
7 0.5372596153846154 0.6430288461538461 0.18028846153846154 0.17067307692307693
7 0.49759615384615385 0.5673076923076923 0.09375 0.0889423076923077
7 0.6899038461538461 0.5817307692307693 0.08173076923076923 0.11778846153846154
7 0.6959134615384616 0.7007211538461539 0.06009615384615385 0.13942307692307693
7 0.7439903846153846 0.4266826923076923 0.12259615384615384 0.11538461538461539
7 0.8149038461538461 0.39663461538461536 0.12740384615384615 0.0889423076923077
7 0.8545673076923077 0.4831730769230769 0.15384615384615385 0.12259615384615384
7 0.9254807692307693 0.5480769230769231 0.11057692307692307 0.15144230769230768
7 0.9014423076923077 0.6322115384615384 0.13221153846153846 0.18269230769230768