7 0.10216346153846154 0.29447115384615385 0.12259615384615384 0.1201923076923077
7 0.17908653846153846 0.25721153846153844 0.11057692307692307 0.11538461538461539
7 0.2536057692307692 0.26322115384615385 0.1201923076923077 0.13221153846153846
7 0.34375 0.22716346153846154 0.09615384615384616 0.0889423076923077
7 0.4423076923076923 0.1778846153846154 0.0985576923076923 0.09375
7 0.45552884615384615 0.22956730769230768 0.07211538461538461 0.07211538461538461
7 0.515625 0.23076923076923078 0.10096153846153846 0.11538461538461539
7 0.43990384615384615 0.2800480769230769 0.08173076923076923 0.09375
7 0.4387019230769231 0.33774038461538464 0.12740384615384615 0.1466346153846154
7 0.32091346153846156 0.4170673076923077 0.14182692307692307 0.11778846153846154
7 0.25961538461538464 0.33052884615384615 0.05048076923076923 0.07451923076923077
7 0.19471153846153846 0.328125 0.08173076923076923 0.0625
7 0.18990384615384615 0.39663461538461536 0.125 0.11538461538461539
7 0.28966346153846156 0.5709134615384616 0.0889423076923077 0.07211538461538461
7 0.3557692307692308 0.5576923076923077 0.08653846153846154 0.09375
7 0.3954326923076923 0.5348557692307693 0.07211538461538461 0.07451923076923077
7 0.48677884615384615 0.546875 0.125 0.11057692307692307
7 0.5733173076923077 0.4519230769230769 0.09615384615384616 0.08413461538461539
7 0.3737980769230769 0.7043269230769231 0.07451923076923077 0.08413461538461539
7 0.4362980769230769 0.6802884615384616 0.06490384615384616 0.07692307692307693
7 0.4807692307692308 0.7007211538461539 0.09615384615384616 0.11057692307692307
7 0.5432692307692307 0.7487980769230769 0.11778846153846154 0.12740384615384615
7 0.7043269230769231 0.7115384615384616 0.11778846153846154 0.16826923076923078
7 0.7836538461538461 0.8125 0.0985576923076923 0.13701923076923078
7 0.8834134615384616 0.7295673076923077 0.12259615384615384 0.13942307692307693