7 0.21875 0.2608173076923077 0.12259615384615384 0.14423076923076922
7 0.14302884615384615 0.375 0.15144230769230768 0.15144230769230768
7 0.10096153846153846 0.31009615384615385 0.06971153846153846 0.11538461538461539
7 0.09975961538461539 0.5096153846153846 0.14903846153846154 0.12980769230769232
7 0.03125 0.6694711538461539 0.0625 0.14182692307692307
7 0.12379807692307693 0.6862980769230769 0.08653846153846154 0.16105769230769232
7 0.25961538461538464 0.41466346153846156 0.10817307692307693 0.13701923076923078
7 0.20072115384615385 0.65625 0.07932692307692307 0.13942307692307693
7 0.26802884615384615 0.6286057692307693 0.07211538461538461 0.17548076923076922
7 0.38221153846153844 0.46153846153846156 0.10096153846153846 0.12740384615384615
7 0.4230769230769231 0.484375 0.09134615384615384 0.08413461538461539
7 0.5420673076923077 0.3233173076923077 0.08413461538461539 0.14423076923076922
7 0.7487980769230769 0.3762019230769231 0.0889423076923077 0.09375
7 0.8233173076923077 0.4387019230769231 0.07451923076923077 0.16346153846153846
7 0.8798076923076923 0.45072115384615385 0.0889423076923077 0.1201923076923077
7 0.9519230769230769 0.4387019230769231 0.09615384615384616 0.11298076923076923
7 0.9038461538461539 0.36177884615384615 0.11298076923076923 0.14182692307692307
7 0.5336538461538461 0.5985576923076923 0.0673076923076923 0.12259615384615384
7 0.6045673076923077 0.6838942307692307 0.09134615384615384 0.1466346153846154
7 0.49399038461538464 0.7163461538461539 0.09375 0.09375
7 0.46274038461538464 0.78125 0.11057692307692307 0.12980769230769232
7 0.7980769230769231 0.8269230769230769 0.08413461538461539 0.19951923076923078
7 0.8954326923076923 0.8858173076923077 0.08173076923076923 0.18509615384615385