7 0.17668269230769232 0.3545673076923077 0.13942307692307693 0.11778846153846154
7 0.1141826923076923 0.4266826923076923 0.10096153846153846 0.12740384615384615
7 0.20673076923076922 0.6225961538461539 0.0985576923076923 0.11298076923076923
7 0.27524038461538464 0.6225961538461539 0.06009615384615385 0.10817307692307693
7 0.23197115384615385 0.5625 0.07451923076923077 0.07932692307692307
7 0.3473557692307692 0.5360576923076923 0.10336538461538461 0.12980769230769232
7 0.4074519230769231 0.5024038461538461 0.06971153846153846 0.07932692307692307
7 0.44471153846153844 0.6045673076923077 0.08413461538461539 0.0985576923076923
7 0.47475961538461536 0.5420673076923077 0.06971153846153846 0.08173076923076923
7 0.5336538461538461 0.5673076923076923 0.0985576923076923 0.0889423076923077
7 0.5817307692307693 0.6117788461538461 0.10817307692307693 0.08653846153846154
7 0.6286057692307693 0.6706730769230769 0.0985576923076923 0.10576923076923077
7 0.7788461538461539 0.7884615384615384 0.11057692307692307 0.09375
7 0.7043269230769231 0.59375 0.125 0.10576923076923077
7 0.9206730769230769 0.5745192307692307 0.11778846153846154 0.0985576923076923
7 0.6526442307692307 0.5 0.12259615384615384 0.0889423076923077
7 0.6358173076923077 0.4387019230769231 0.0889423076923077 0.08173076923076923
7 0.6189903846153846 0.38100961538461536 0.052884615384615384 0.06009615384615385
7 0.5612980769230769 0.36778846153846156 0.06971153846153846 0.11057692307692307
7 0.49759615384615385 0.35096153846153844 0.07692307692307693 0.0889423076923077
7 0.6550480769230769 0.28725961538461536 0.0889423076923077 0.07211538461538461
7 0.7307692307692307 0.3737980769230769 0.11538461538461539 0.09615384615384616