7 0.07211538461538461 0.21875 0.0889423076923077 0.12259615384615384
7 0.23317307692307693 0.22355769230769232 0.15625 0.1466346153846154
7 0.34975961538461536 0.21754807692307693 0.15384615384615385 0.14423076923076922
7 0.35336538461538464 0.3713942307692308 0.1346153846153846 0.0889423076923077
7 0.17307692307692307 0.43990384615384615 0.17548076923076922 0.09375
7 0.27283653846153844 0.5480769230769231 0.18269230769230768 0.125
7 0.30649038461538464 0.7163461538461539 0.18269230769230768 0.19230769230769232
7 0.42908653846153844 0.6706730769230769 0.11778846153846154 0.125
7 0.40024038461538464 0.4387019230769231 0.15625 0.1466346153846154
7 0.5769230769230769 0.26802884615384615 0.13221153846153846 0.1201923076923077
7 0.48197115384615385 0.31850961538461536 0.13701923076923078 0.11778846153846154
7 0.6670673076923077 0.29086538461538464 0.09615384615384616 0.09615384615384616
7 0.7740384615384616 0.30649038461538464 0.16826923076923078 0.13942307692307693
7 0.625 0.38461538461538464 0.09375 0.06009615384615385
7 0.5408653846153846 0.4375 0.17067307692307693 0.13701923076923078
7 0.7139423076923077 0.41466346153846156 0.11057692307692307 0.125
7 0.6442307692307693 0.5048076923076923 0.11298076923076923 0.14903846153846154
7 0.7536057692307693 0.4891826923076923 0.11538461538461539 0.0889423076923077
7 0.8629807692307693 0.4951923076923077 0.13221153846153846 0.1201923076923077
7 0.8341346153846154 0.7728365384615384 0.13701923076923078 0.14423076923076922