7 0.6286057692307693 0.22235576923076922 0.125 0.07932692307692307
7 0.5637019230769231 0.25841346153846156 0.0985576923076923 0.06971153846153846
7 0.5504807692307693 0.3112980769230769 0.057692307692307696 0.028846153846153848
7 0.5012019230769231 0.3293269230769231 0.040865384615384616 0.040865384615384616
7 0.5420673076923077 0.3473557692307692 0.05048076923076923 0.07211538461538461
7 0.5084134615384616 0.37740384615384615 0.0673076923076923 0.052884615384615384
7 0.42788461538461536 0.41466346153846156 0.07692307692307693 0.07211538461538461
7 0.5913461538461539 0.390625 0.08173076923076923 0.055288461538461536
7 0.5408653846153846 0.4338942307692308 0.07932692307692307 0.08653846153846154
7 0.515625 0.4326923076923077 0.08413461538461539 0.06971153846153846
7 0.39783653846153844 0.4483173076923077 0.07451923076923077 0.07451923076923077
7 0.3269230769230769 0.46153846153846156 0.07932692307692307 0.057692307692307696
7 0.4963942307692308 0.4795673076923077 0.05048076923076923 0.04567307692307692
7 0.4543269230769231 0.4795673076923077 0.0673076923076923 0.08653846153846154
7 0.5144230769230769 0.5264423076923077 0.06490384615384616 0.0673076923076923
7 0.5048076923076923 0.5769230769230769 0.07692307692307693 0.055288461538461536
7 0.5216346153846154 0.6346153846153846 0.07451923076923077 0.06971153846153846
7 0.6670673076923077 0.6814903846153846 0.09134615384615384 0.08653846153846154