7 0.2439903846153846 0.33413461538461536 0.125 0.20192307692307693
7 0.2956730769230769 0.1141826923076923 0.08653846153846154 0.19471153846153846
7 0.35096153846153844 0.3004807692307692 0.15625 0.10817307692307693
7 0.546875 0.2764423076923077 0.09615384615384616 0.17548076923076922
7 0.6634615384615384 0.2824519230769231 0.17548076923076922 0.1658653846153846
7 0.4543269230769231 0.3701923076923077 0.14903846153846154 0.10096153846153846
7 0.37259615384615385 0.46153846153846156 0.15865384615384615 0.1201923076923077
7 0.5144230769230769 0.43509615384615385 0.09134615384615384 0.12259615384615384
7 0.46033653846153844 0.5865384615384616 0.1346153846153846 0.22596153846153846
7 0.6274038461538461 0.5168269230769231 0.10336538461538461 0.28125
7 0.7319711538461539 0.47596153846153844 0.09375 0.21634615384615385
7 0.5564903846153846 0.7896634615384616 0.1201923076923077 0.1875
7 0.6911057692307693 0.8545673076923077 0.11778846153846154 0.2548076923076923
7 0.7788461538461539 0.8485576923076923 0.10576923076923077 0.27884615384615385
7 0.25721153846153844 0.5709134615384616 0.14182692307692307 0.125