7 0.47115384615384615 0.7932692307692307 0.25240384615384615 0.21875
7 0.65625 0.6802884615384616 0.18509615384615385 0.19230769230769232
7 0.8401442307692307 0.7175480769230769 0.2932692307692308 0.2980769230769231
7 0.7271634615384616 0.5360576923076923 0.1658653846153846 0.15865384615384615
7 0.6213942307692307 0.515625 0.13221153846153846 0.12740384615384615
7 0.7055288461538461 0.4723557692307692 0.11538461538461539 0.09615384615384616
7 0.5048076923076923 0.6153846153846154 0.19951923076923078 0.1658653846153846
7 0.40625 0.5492788461538461 0.14903846153846154 0.13701923076923078
7 0.2956730769230769 0.5516826923076923 0.15865384615384615 0.1346153846153846
7 0.36899038461538464 0.4879807692307692 0.07692307692307693 0.08413461538461539
7 0.4254807692307692 0.4807692307692308 0.13221153846153846 0.0985576923076923
7 0.5024038461538461 0.5300480769230769 0.13942307692307693 0.125
7 0.5625 0.4579326923076923 0.11057692307692307 0.11298076923076923
7 0.6081730769230769 0.43149038461538464 0.11298076923076923 0.10096153846153846
7 0.515625 0.4266826923076923 0.09375 0.0985576923076923
7 0.4519230769230769 0.40024038461538464 0.057692307692307696 0.06971153846153846
7 0.41346153846153844 0.42427884615384615 0.07932692307692307 0.08413461538461539
7 0.4879807692307692 0.38221153846153844 0.055288461538461536 0.0673076923076923
7 0.4014423076923077 0.3737980769230769 0.07211538461538461 0.055288461538461536
7 0.4266826923076923 0.3485576923076923 0.07932692307692307 0.07932692307692307
7 0.45072115384615385 0.3173076923076923 0.052884615384615384 0.055288461538461536