7 0.14423076923076922 0.17548076923076922 0.10096153846153846 0.08173076923076923
7 0.09254807692307693 0.234375 0.0889423076923077 0.08653846153846154
7 0.36899038461538464 0.203125 0.06490384615384616 0.08413461538461539
7 0.6694711538461539 0.28966346153846156 0.09375 0.11538461538461539
7 0.6189903846153846 0.2932692307692308 0.057692307692307696 0.07211538461538461
7 0.38461538461538464 0.39903846153846156 0.1201923076923077 0.1201923076923077
7 0.3317307692307692 0.39302884615384615 0.055288461538461536 0.055288461538461536
7 0.2764423076923077 0.43149038461538464 0.09375 0.08413461538461539
7 0.21875 0.39663461538461536 0.0985576923076923 0.09375
7 0.15264423076923078 0.38461538461538464 0.06009615384615385 0.0625
7 0.30288461538461536 0.5745192307692307 0.11538461538461539 0.11298076923076923
7 0.7043269230769231 0.7079326923076923 0.10817307692307693 0.14182692307692307
7 0.8161057692307693 0.6730769230769231 0.11057692307692307 0.09615384615384616
7 0.8076923076923077 0.75 0.10096153846153846 0.12259615384615384
7 0.8725961538461539 0.7463942307692307 0.08413461538461539 0.11057692307692307