7 0.14903846153846154 0.16947115384615385 0.10336538461538461 0.08173076923076923
7 0.09735576923076923 0.22716346153846154 0.0889423076923077 0.08653846153846154
7 0.375 0.20072115384615385 0.06490384615384616 0.08413461538461539
7 0.6730769230769231 0.2920673076923077 0.09615384615384616 0.11538461538461539
7 0.6225961538461539 0.29447115384615385 0.06009615384615385 0.07451923076923077
7 0.3858173076923077 0.39663461538461536 0.12259615384615384 0.12259615384615384
7 0.3329326923076923 0.390625 0.057692307692307696 0.057692307692307696
7 0.2776442307692308 0.42788461538461536 0.09375 0.08653846153846154
7 0.21995192307692307 0.3918269230769231 0.10096153846153846 0.09615384615384616
7 0.15384615384615385 0.3786057692307692 0.06009615384615385 0.0625
7 0.3016826923076923 0.5709134615384616 0.11538461538461539 0.11538461538461539
7 0.7007211538461539 0.7115384615384616 0.11057692307692307 0.14423076923076922
7 0.8137019230769231 0.6790865384615384 0.11057692307692307 0.0985576923076923
7 0.8028846153846154 0.7548076923076923 0.10336538461538461 0.125
7 0.8689903846153846 0.7536057692307693 0.08653846153846154 0.11298076923076923