7 0.04326923076923077 0.11298076923076923 0.08653846153846154 0.0625
7 0.10336538461538461 0.16826923076923078 0.11538461538461539 0.10817307692307693
7 0.13942307692307693 0.0985576923076923 0.07451923076923077 0.10096153846153846
7 0.19591346153846154 0.11658653846153846 0.08413461538461539 0.15384615384615385
7 0.3004807692307692 0.07091346153846154 0.13221153846153846 0.10576923076923077
7 0.5324519230769231 0.03245192307692308 0.12740384615384615 0.06490384615384616
7 0.6262019230769231 0.04447115384615385 0.08413461538461539 0.0889423076923077
7 0.6850961538461539 0.026442307692307692 0.0625 0.052884615384615384
7 0.7776442307692307 0.030048076923076924 0.08413461538461539 0.06009615384615385
7 0.8341346153846154 0.02283653846153846 0.1201923076923077 0.04567307692307692
7 0.75 0.09615384615384616 0.13221153846153846 0.1346153846153846
7 0.5600961538461539 0.16826923076923078 0.12259615384615384 0.15144230769230768
7 0.3137019230769231 0.21754807692307693 0.13701923076923078 0.10817307692307693
7 0.38461538461538464 0.3004807692307692 0.12740384615384615 0.07932692307692307
7 0.45913461538461536 0.3329326923076923 0.14423076923076922 0.13701923076923078
7 0.44711538461538464 0.26322115384615385 0.10096153846153846 0.10336538461538461
7 0.703125 0.2764423076923077 0.1346153846153846 0.10336538461538461
7 0.6358173076923077 0.4338942307692308 0.0889423076923077 0.13701923076923078
7 0.5528846153846154 0.43028846153846156 0.0625 0.10336538461538461
7 0.4879807692307692 0.47716346153846156 0.0673076923076923 0.10576923076923077
7 0.39903846153846156 0.4879807692307692 0.12980769230769232 0.21394230769230768
7 0.203125 0.46274038461538464 0.09134615384615384 0.14182692307692307
7 0.03485576923076923 0.5552884615384616 0.06971153846153846 0.1778846153846154
7 0.13942307692307693 0.6117788461538461 0.15384615384615385 0.10817307692307693
7 0.042067307692307696 0.6923076923076923 0.05048076923076923 0.09615384615384616
7 0.1622596153846154 0.7992788461538461 0.15384615384615385 0.15865384615384615
7 0.2824519230769231 0.6586538461538461 0.12740384615384615 0.15144230769230768
7 0.33052884615384615 0.6971153846153846 0.0625 0.08653846153846154
7 0.453125 0.7175480769230769 0.06971153846153846 0.1778846153846154
7 0.49038461538461536 0.7007211538461539 0.06490384615384616 0.13701923076923078
7 0.5252403846153846 0.5456730769230769 0.11778846153846154 0.11057692307692307
7 0.5745192307692307 0.7451923076923077 0.11778846153846154 0.15144230769230768
7 0.7608173076923077 0.4519230769230769 0.16105769230769232 0.17067307692307693
7 0.8293269230769231 0.49759615384615385 0.15144230769230768 0.125
7 0.9302884615384616 0.5300480769230769 0.10336538461538461 0.09134615384615384
7 0.7980769230769231 0.609375 0.1346153846153846 0.12980769230769232
7 0.8149038461538461 0.7548076923076923 0.055288461538461536 0.11057692307692307
7 0.9146634615384616 0.7007211538461539 0.06971153846153846 0.0985576923076923
7 0.9098557692307693 0.7800480769230769 0.12259615384615384 0.1658653846153846
7 0.9026442307692307 0.8774038461538461 0.18509615384615385 0.15144230769230768
7 0.96875 0.43149038461538464 0.0625 0.15625