7 0.036057692307692304 0.296875 0.03365384615384615 0.06971153846153846
7 0.16706730769230768 0.1971153846153846 0.026442307692307692 0.057692307692307696
7 0.1045673076923077 0.2764423076923077 0.019230769230769232 0.028846153846153848
7 0.1141826923076923 0.3173076923076923 0.028846153846153848 0.04567307692307692
7 0.11538461538461539 0.36177884615384615 0.036057692307692304 0.04326923076923077
7 0.125 0.3798076923076923 0.04567307692307692 0.036057692307692304
7 0.14783653846153846 0.3557692307692308 0.02403846153846154 0.04807692307692308
7 0.16346153846153846 0.39302884615384615 0.03365384615384615 0.036057692307692304
7 0.1658653846153846 0.49278846153846156 0.04807692307692308 0.055288461538461536
7 0.22956730769230768 0.5204326923076923 0.028846153846153848 0.055288461538461536
7 0.2548076923076923 0.5420673076923077 0.03365384615384615 0.040865384615384616
7 0.32211538461538464 0.5348557692307693 0.055288461538461536 0.07211538461538461
7 0.4362980769230769 0.4963942307692308 0.04326923076923077 0.06490384615384616
7 0.375 0.4951923076923077 0.028846153846153848 0.06009615384615385
7 0.8365384615384616 0.7091346153846154 0.036057692307692304 0.0625
7 0.8858173076923077 0.7860576923076923 0.038461538461538464 0.06971153846153846
7 0.8930288461538461 0.7367788461538461 0.04326923076923077 0.07451923076923077
7 0.9230769230769231 0.734375 0.02403846153846154 0.04807692307692308
7 0.9459134615384616 0.7307692307692307 0.03125 0.057692307692307696
7 0.953125 0.7079326923076923 0.040865384615384616 0.06490384615384616