7 0.28125 0.38221153846153844 0.03365384615384615 0.036057692307692304
7 0.3581730769230769 0.26802884615384615 0.026442307692307692 0.036057692307692304
7 0.39663461538461536 0.2512019230769231 0.028846153846153848 0.028846153846153848
7 0.3918269230769231 0.26322115384615385 0.019230769230769232 0.021634615384615384
7 0.3918269230769231 0.2860576923076923 0.021634615384615384 0.028846153846153848
7 0.37740384615384615 0.3112980769230769 0.03125 0.026442307692307692
7 0.43028846153846156 0.2692307692307692 0.026442307692307692 0.026442307692307692
7 0.44711538461538464 0.2860576923076923 0.028846153846153848 0.019230769230769232
7 0.5228365384615384 0.37259615384615385 0.009615384615384616 0.028846153846153848
7 0.5336538461538461 0.2824519230769231 0.036057692307692304 0.03125
7 0.5588942307692307 0.25600961538461536 0.03365384615384615 0.038461538461538464
7 0.6262019230769231 0.3870192307692308 0.019230769230769232 0.026442307692307692
7 0.6971153846153846 0.3329326923076923 0.021634615384615384 0.016826923076923076
7 0.7992788461538461 0.3401442307692308 0.038461538461538464 0.036057692307692304
7 0.5096153846153846 0.46634615384615385 0.052884615384615384 0.040865384615384616
7 0.6033653846153846 0.46153846153846156 0.002403846153846154 0.002403846153846154