7 0.33052884615384615 0.32572115384615385 0.07451923076923077 0.06490384615384616
7 0.234375 0.40024038461538464 0.06009615384615385 0.08653846153846154
7 0.18269230769230768 0.4987980769230769 0.0889423076923077 0.057692307692307696
7 0.2512019230769231 0.515625 0.057692307692307696 0.038461538461538464
7 0.23918269230769232 0.5600961538461539 0.08653846153846154 0.055288461538461536
7 0.13581730769230768 0.6502403846153846 0.07211538461538461 0.09375
7 0.22956730769230768 0.6454326923076923 0.10817307692307693 0.0889423076923077
7 0.3798076923076923 0.6021634615384616 0.07932692307692307 0.09615384615384616
7 0.328125 0.6165865384615384 0.040865384615384616 0.055288461538461536
7 0.6165865384615384 0.5348557692307693 0.06971153846153846 0.09134615384615384
7 0.7848557692307693 0.5456730769230769 0.07451923076923077 0.07692307692307693
7 0.8461538461538461 0.5528846153846154 0.036057692307692304 0.038461538461538464
7 0.9026442307692307 0.5192307692307693 0.0985576923076923 0.06009615384615385