7 0.0733173076923077 0.1814903846153846 0.055288461538461536 0.07211538461538461
7 0.109375 0.11658653846153846 0.06971153846153846 0.06490384615384616
7 0.13942307692307693 0.08774038461538461 0.055288461538461536 0.055288461538461536
7 0.21394230769230768 0.109375 0.036057692307692304 0.036057692307692304
7 0.24639423076923078 0.09975961538461539 0.057692307692307696 0.07932692307692307
7 0.15865384615384615 0.18028846153846154 0.0889423076923077 0.08653846153846154
7 0.07692307692307693 0.16706730769230768 0.057692307692307696 0.06490384615384616
7 0.14182692307692307 0.27884615384615385 0.05048076923076923 0.0673076923076923
7 0.2091346153846154 0.22115384615384615 0.036057692307692304 0.04567307692307692
7 0.24879807692307693 0.2247596153846154 0.052884615384615384 0.08173076923076923
7 0.29086538461538464 0.21033653846153846 0.03125 0.0625
7 0.24639423076923078 0.296875 0.07451923076923077 0.0625
7 0.234375 0.3293269230769231 0.0673076923076923 0.07451923076923077
7 0.296875 0.28365384615384615 0.052884615384615384 0.052884615384615384
7 0.3329326923076923 0.25 0.07932692307692307 0.08173076923076923
7 0.37259615384615385 0.18990384615384615 0.0625 0.052884615384615384
7 0.42427884615384615 0.13942307692307693 0.07451923076923077 0.07932692307692307
7 0.4338942307692308 0.21394230769230768 0.052884615384615384 0.038461538461538464
7 0.39663461538461536 0.24278846153846154 0.0625 0.0673076923076923
7 0.5360576923076923 0.22716346153846154 0.057692307692307696 0.04567307692307692
7 0.5144230769230769 0.3004807692307692 0.03365384615384615 0.07211538461538461
7 0.41225961538461536 0.36658653846153844 0.05048076923076923 0.057692307692307696
7 0.5012019230769231 0.3786057692307692 0.03125 0.08653846153846154
7 0.49158653846153844 0.35697115384615385 0.03125 0.0673076923076923
7 0.6189903846153846 0.44711538461538464 0.040865384615384616 0.06971153846153846
7 0.6117788461538461 0.390625 0.036057692307692304 0.06490384615384616
7 0.6418269230769231 0.3713942307692308 0.04567307692307692 0.09134615384615384
7 0.6574519230769231 0.2932692307692308 0.055288461538461536 0.055288461538461536
7 0.7211538461538461 0.28966346153846156 0.07692307692307693 0.07692307692307693
7 0.9110576923076923 0.36899038461538464 0.0673076923076923 0.07211538461538461