7 0.23197115384615385 0.39903846153846156 0.1466346153846154 0.14182692307692307
7 0.39663461538461536 0.17548076923076922 0.15625 0.1466346153846154
7 0.4579326923076923 0.3425480769230769 0.11778846153846154 0.11538461538461539
7 0.3485576923076923 0.41225961538461536 0.10576923076923077 0.13221153846153846
7 0.40865384615384615 0.49759615384615385 0.13942307692307693 0.11778846153846154
7 0.31009615384615385 0.6021634615384616 0.12980769230769232 0.15384615384615385
7 0.15504807692307693 0.7151442307692307 0.14903846153846154 0.1971153846153846
7 0.27163461538461536 0.7704326923076923 0.1346153846153846 0.1658653846153846
7 0.3858173076923077 0.7487980769230769 0.125 0.10576923076923077
7 0.5528846153846154 0.5060096153846154 0.15384615384615385 0.17307692307692307
7 0.6274038461538461 0.4050480769230769 0.11057692307692307 0.10336538461538461
7 0.7572115384615384 0.43509615384615385 0.12740384615384615 0.125
7 0.8774038461538461 0.546875 0.13701923076923078 0.17067307692307693