7 0.027644230769230768 0.38221153846153844 0.04567307692307692 0.04807692307692308
7 0.07572115384615384 0.37740384615384615 0.036057692307692304 0.06490384615384616
7 0.109375 0.3473557692307692 0.028846153846153848 0.052884615384615384
7 0.13221153846153846 0.43028846153846156 0.057692307692307696 0.07932692307692307
7 0.17307692307692307 0.359375 0.06490384615384616 0.04807692307692308
7 0.21875 0.36899038461538464 0.0673076923076923 0.09134615384615384
7 0.24639423076923078 0.3112980769230769 0.06490384615384616 0.06490384615384616
7 0.36658653846153844 0.3870192307692308 0.02403846153846154 0.03125
7 0.4170673076923077 0.38341346153846156 0.0673076923076923 0.06009615384615385
7 0.359375 0.4362980769230769 0.0625 0.06009615384615385
7 0.3329326923076923 0.5288461538461539 0.07451923076923077 0.08413461538461539
7 0.3858173076923077 0.5576923076923077 0.02403846153846154 0.05048076923076923
7 0.640625 0.5 0.040865384615384616 0.04567307692307692
7 0.5997596153846154 0.49278846153846156 0.04807692307692308 0.07211538461538461
7 0.6310096153846154 0.43509615384615385 0.07932692307692307 0.04807692307692308
7 0.6262019230769231 0.46033653846153844 0.026442307692307692 0.03365384615384615
7 0.7091346153846154 0.5072115384615384 0.0625 0.07692307692307693
7 0.6875 0.4951923076923077 0.055288461538461536 0.05048076923076923
7 0.6947115384615384 0.45913461538461536 0.04567307692307692 0.06009615384615385
7 0.7524038461538461 0.45072115384615385 0.06971153846153846 0.07932692307692307
7 0.8269230769230769 0.4338942307692308 0.08653846153846154 0.07211538461538461