7 0.13341346153846154 0.5216346153846154 0.0673076923076923 0.07692307692307693
7 0.1502403846153846 0.43509615384615385 0.07451923076923077 0.08653846153846154
7 0.25841346153846156 0.4411057692307692 0.05048076923076923 0.09134615384615384
7 0.3137019230769231 0.4411057692307692 0.04567307692307692 0.07932692307692307
7 0.39663461538461536 0.36538461538461536 0.07692307692307693 0.10576923076923077
7 0.3076923076923077 0.5204326923076923 0.06009615384615385 0.09375
7 0.34134615384615385 0.5576923076923077 0.07211538461538461 0.12740384615384615
7 0.3858173076923077 0.6201923076923077 0.052884615384615384 0.09375
7 0.41947115384615385 0.5721153846153846 0.052884615384615384 0.07451923076923077
7 0.4266826923076923 0.6490384615384616 0.055288461538461536 0.10336538461538461
7 0.4230769230769231 0.47836538461538464 0.06490384615384616 0.09375
7 0.4675480769230769 0.5552884615384616 0.06490384615384616 0.10817307692307693
7 0.5528846153846154 0.5420673076923077 0.0985576923076923 0.11538461538461539
7 0.5925480769230769 0.5997596153846154 0.06009615384615385 0.0625
7 0.6129807692307693 0.6899038461538461 0.06490384615384616 0.0985576923076923