7 0.1466346153846154 0.40024038461538464 0.06490384615384616 0.07451923076923077
7 0.19110576923076922 0.32572115384615385 0.06971153846153846 0.08413461538461539
7 0.29086538461538464 0.36658653846153844 0.04567307692307692 0.09134615384615384
7 0.3425480769230769 0.38341346153846156 0.040865384615384616 0.07932692307692307
7 0.44591346153846156 0.3389423076923077 0.07211538461538461 0.10336538461538461
7 0.3125 0.4567307692307692 0.055288461538461536 0.09134615384615384
7 0.33052884615384615 0.5024038461538461 0.0673076923076923 0.125
7 0.35336538461538464 0.5769230769230769 0.04807692307692308 0.09375
7 0.40024038461538464 0.5420673076923077 0.05048076923076923 0.07211538461538461
7 0.38221153846153844 0.6165865384615384 0.05048076923076923 0.10336538461538461
7 0.43509615384615385 0.4543269230769231 0.06009615384615385 0.09134615384615384
7 0.4519230769230769 0.5420673076923077 0.06009615384615385 0.10576923076923077
7 0.5360576923076923 0.5576923076923077 0.09615384615384616 0.11057692307692307
7 0.5552884615384616 0.6237980769230769 0.057692307692307696 0.06009615384615385
7 0.5444711538461539 0.7163461538461539 0.06009615384615385 0.09615384615384616
7 0.027644230769230768 0.8990384615384616 0.055288461538461536 0.08173076923076923