7 0.5829326923076923 0.5108173076923077 0.05048076923076923 0.0625
7 0.6706730769230769 0.46875 0.040865384615384616 0.038461538461538464
7 0.703125 0.4831730769230769 0.021634615384615384 0.028846153846153848
7 0.7079326923076923 0.5 0.028846153846153848 0.03125
7 0.765625 0.4963942307692308 0.028846153846153848 0.040865384615384616
7 0.65625 0.7067307692307693 0.02403846153846154 0.04567307692307692
7 0.6586538461538461 0.8305288461538461 0.036057692307692304 0.055288461538461536
7 0.796875 0.7896634615384616 0.03125 0.038461538461538464
7 0.8088942307692307 0.7632211538461539 0.04326923076923077 0.05048076923076923
7 0.8377403846153846 0.7920673076923077 0.036057692307692304 0.05048076923076923
7 0.8461538461538461 0.8641826923076923 0.040865384615384616 0.06971153846153846
7 0.7824519230769231 0.38822115384615385 0.03365384615384615 0.06490384615384616
7 0.9723557692307693 0.5204326923076923 0.036057692307692304 0.05048076923076923