7 0.09735576923076923 0.6117788461538461 0.04326923076923077 0.07211538461538461
7 0.1502403846153846 0.4675480769230769 0.052884615384615384 0.04807692307692308
7 0.109375 0.45552884615384615 0.03125 0.0625
7 0.3016826923076923 0.484375 0.057692307692307696 0.06490384615384616
7 0.21634615384615385 0.6057692307692307 0.036057692307692304 0.055288461538461536
7 0.22596153846153846 0.65625 0.052884615384615384 0.04807692307692308
7 0.27884615384615385 0.6237980769230769 0.036057692307692304 0.0673076923076923
7 0.24759615384615385 0.9170673076923077 0.04567307692307692 0.052884615384615384
7 0.2824519230769231 0.8846153846153846 0.03125 0.036057692307692304
7 0.2800480769230769 0.9591346153846154 0.0625 0.052884615384615384
7 0.3269230769230769 0.9206730769230769 0.03125 0.08413461538461539
7 0.3870192307692308 0.90625 0.026442307692307692 0.0625
7 0.4387019230769231 0.8858173076923077 0.04567307692307692 0.028846153846153848
7 0.45072115384615385 0.8329326923076923 0.038461538461538464 0.026442307692307692
7 0.4326923076923077 0.7944711538461539 0.0625 0.0673076923076923
7 0.5 0.8990384615384616 0.038461538461538464 0.0625
7 0.47115384615384615 0.96875 0.0673076923076923 0.0625
7 0.5492788461538461 0.9699519230769231 0.036057692307692304 0.06009615384615385
7 0.5336538461538461 0.8762019230769231 0.038461538461538464 0.036057692307692304
7 0.5012019230769231 0.8221153846153846 0.036057692307692304 0.055288461538461536
7 0.5432692307692307 0.8257211538461539 0.04326923076923077 0.06009615384615385
7 0.5685096153846154 0.8293269230769231 0.036057692307692304 0.07211538461538461
7 0.5925480769230769 0.8004807692307693 0.028846153846153848 0.057692307692307696
7 0.5925480769230769 0.6370192307692307 0.0625 0.08653846153846154
7 0.6682692307692307 0.6598557692307693 0.028846153846153848 0.07211538461538461
7 0.7283653846153846 0.6334134615384616 0.04326923076923077 0.04807692307692308
7 0.7680288461538461 0.5961538461538461 0.03365384615384615 0.07451923076923077
7 0.8016826923076923 0.6310096153846154 0.0625 0.06009615384615385
7 0.7019230769230769 0.5985576923076923 0.057692307692307696 0.0889423076923077
7 0.6382211538461539 0.5925480769230769 0.05048076923076923 0.09375
7 0.6971153846153846 0.4699519230769231 0.06971153846153846 0.08173076923076923
7 0.7716346153846154 0.47115384615384615 0.0673076923076923 0.06971153846153846
7 0.6826923076923077 0.39783653846153844 0.055288461538461536 0.07451923076923077
7 0.7487980769230769 0.3762019230769231 0.040865384615384616 0.06009615384615385
7 0.7740384615384616 0.32091346153846156 0.03365384615384615 0.04326923076923077
7 0.8401442307692307 0.3485576923076923 0.038461538461538464 0.055288461538461536
7 0.8329326923076923 0.1502403846153846 0.04807692307692308 0.08173076923076923
7 0.9230769230769231 0.11538461538461539 0.03365384615384615 0.07211538461538461
7 0.9519230769230769 0.20072115384615385 0.04326923076923077 0.06009615384615385
7 0.9711538461538461 0.25600961538461536 0.05048076923076923 0.04567307692307692
7 0.6586538461538461 0.09134615384615384 0.04326923076923077 0.05048076923076923
7 0.6766826923076923 0.13341346153846154 0.04807692307692308 0.02403846153846154
7 0.6875 0.21514423076923078 0.04807692307692308 0.07692307692307693
7 0.6682692307692307 0.15985576923076922 0.04326923076923077 0.057692307692307696
7 0.6141826923076923 0.039663461538461536 0.06490384615384616 0.055288461538461536
7 0.5949519230769231 0.10216346153846154 0.04567307692307692 0.04326923076923077
7 0.609375 0.1502403846153846 0.04567307692307692 0.04807692307692308
7 0.6081730769230769 0.21634615384615385 0.06490384615384616 0.08173076923076923
7 0.5516826923076923 0.2608173076923077 0.026442307692307692 0.06009615384615385
7 0.5360576923076923 0.2403846153846154 0.04807692307692308 0.0673076923076923
7 0.49278846153846156 0.29927884615384615 0.04567307692307692 0.0889423076923077
7 0.3557692307692308 0.40865384615384615 0.04567307692307692 0.07211538461538461
7 0.36538461538461536 0.4723557692307692 0.04807692307692308 0.057692307692307696
7 0.39663461538461536 0.43028846153846156 0.04326923076923077 0.06009615384615385
7 0.4483173076923077 0.43149038461538464 0.04807692307692308 0.040865384615384616
7 0.43028846153846156 0.484375 0.028846153846153848 0.06490384615384616
7 0.41346153846153844 0.5096153846153846 0.03125 0.04567307692307692
7 0.41225961538461536 0.5709134615384616 0.03365384615384615 0.05048076923076923
7 0.4230769230769231 0.5540865384615384 0.036057692307692304 0.04567307692307692
7 0.44471153846153844 0.5877403846153846 0.040865384615384616 0.0673076923076923
7 0.47115384615384615 0.5240384615384616 0.04326923076923077 0.0673076923076923
7 0.46634615384615385 0.48677884615384615 0.028846153846153848 0.06971153846153846
7 0.49278846153846156 0.43990384615384615 0.03365384615384615 0.0625
7 0.5384615384615384 0.40865384615384615 0.038461538461538464 0.04807692307692308
7 0.5793269230769231 0.36778846153846156 0.03365384615384615 0.055288461538461536
7 0.5348557692307693 0.4567307692307692 0.04567307692307692 0.055288461538461536
7 0.49759615384615385 0.4951923076923077 0.036057692307692304 0.052884615384615384