7 0.09375 0.1814903846153846 0.16346153846153846 0.18028846153846154
7 0.3605769230769231 0.28365384615384615 0.1346153846153846 0.12980769230769232
7 0.22956730769230768 0.35096153846153844 0.17307692307692307 0.11538461538461539
7 0.21514423076923078 0.4050480769230769 0.10336538461538461 0.0985576923076923
7 0.23918269230769232 0.47115384615384615 0.10336538461538461 0.10576923076923077
7 0.17067307692307693 0.4963942307692308 0.125 0.10336538461538461
7 0.0889423076923077 0.5408653846153846 0.08653846153846154 0.08173076923076923
7 0.1141826923076923 0.6598557692307693 0.21875 0.23557692307692307
7 0.26802884615384615 0.5576923076923077 0.10576923076923077 0.15865384615384615
7 0.34615384615384615 0.4326923076923077 0.10817307692307693 0.1658653846153846
7 0.4639423076923077 0.4170673076923077 0.125 0.0985576923076923
7 0.3954326923076923 0.53125 0.15625 0.14182692307692307
7 0.4519230769230769 0.5480769230769231 0.19471153846153846 0.15625
7 0.3545673076923077 0.7512019230769231 0.15384615384615385 0.21394230769230768
7 0.5288461538461539 0.6598557692307693 0.19230769230769232 0.2283653846153846
7 0.6526442307692307 0.5516826923076923 0.16105769230769232 0.16105769230769232
7 0.7463942307692307 0.640625 0.16826923076923078 0.18509615384615385
7 0.7211538461538461 0.5997596153846154 0.07451923076923077 0.11538461538461539
7 0.8016826923076923 0.5901442307692307 0.09375 0.14182692307692307
7 0.8521634615384616 0.484375 0.11778846153846154 0.2091346153846154
7 0.8209134615384616 0.4963942307692308 0.0673076923076923 0.10817307692307693
7 0.7836538461538461 0.5180288461538461 0.07692307692307693 0.125
7 0.7127403846153846 0.5072115384615384 0.09615384615384616 0.12259615384615384
7 0.6875 0.38461538461538464 0.09375 0.1466346153846154
7 0.7247596153846154 0.3401442307692308 0.06009615384615385 0.1201923076923077
7 0.7584134615384616 0.3737980769230769 0.125 0.15865384615384615
7 0.7896634615384616 0.24519230769230768 0.11057692307692307 0.1201923076923077
7 0.8064903846153846 0.29927884615384615 0.16346153846153846 0.16105769230769232
7 0.8894230769230769 0.27524038461538464 0.10817307692307693 0.13701923076923078
7 0.90625 0.17908653846153846 0.10576923076923077 0.12259615384615384
7 0.9278846153846154 0.2608173076923077 0.09134615384615384 0.1346153846153846