7 0.2692307692307692 0.5480769230769231 0.05048076923076923 0.07211538461538461
7 0.2956730769230769 0.5721153846153846 0.02403846153846154 0.038461538461538464
7 0.30528846153846156 0.5480769230769231 0.036057692307692304 0.04807692307692308
7 0.3329326923076923 0.5745192307692307 0.040865384615384616 0.05048076923076923
7 0.3317307692307692 0.625 0.03365384615384615 0.055288461538461536
7 0.3016826923076923 0.6177884615384616 0.06009615384615385 0.0673076923076923
7 0.2980769230769231 0.6658653846153846 0.026442307692307692 0.0625
7 0.31971153846153844 0.6838942307692307 0.04326923076923077 0.055288461538461536
7 0.36778846153846156 0.6105769230769231 0.03125 0.052884615384615384
7 0.3918269230769231 0.6201923076923077 0.028846153846153848 0.04567307692307692
7 0.39903846153846156 0.5865384615384616 0.028846153846153848 0.04326923076923077
7 0.4182692307692308 0.6189903846153846 0.040865384615384616 0.040865384615384616
7 0.4326923076923077 0.671875 0.06490384615384616 0.0673076923076923
7 0.4423076923076923 0.6514423076923077 0.028846153846153848 0.036057692307692304
7 0.46875 0.6658653846153846 0.04807692307692308 0.05048076923076923
7 0.4483173076923077 0.5588942307692307 0.04567307692307692 0.055288461538461536
7 0.4326923076923077 0.5769230769230769 0.040865384615384616 0.04807692307692308
7 0.5084134615384616 0.546875 0.04326923076923077 0.06009615384615385
7 0.5865384615384616 0.6105769230769231 0.038461538461538464 0.06009615384615385
7 0.6682692307692307 0.6742788461538461 0.04807692307692308 0.0673076923076923
7 0.703125 0.6346153846153846 0.05048076923076923 0.055288461538461536
7 0.7620192307692307 0.6911057692307693 0.06490384615384616 0.07211538461538461
7 0.7632211538461539 0.6466346153846154 0.019230769230769232 0.036057692307692304
7 0.7800480769230769 0.6514423076923077 0.040865384615384616 0.04567307692307692
7 0.8209134615384616 0.65625 0.02403846153846154 0.04567307692307692
7 0.8317307692307693 0.6262019230769231 0.021634615384615384 0.03125
7 0.8569711538461539 0.6490384615384616 0.04807692307692308 0.055288461538461536
7 0.8882211538461539 0.59375 0.06490384615384616 0.07932692307692307