7 0.1310096153846154 0.051682692307692304 0.20432692307692307 0.07451923076923077
7 0.24278846153846154 0.11658653846153846 0.18269230769230768 0.07692307692307693
7 0.4891826923076923 0.11298076923076923 0.18269230769230768 0.10336538461538461
7 0.6646634615384616 0.19951923076923078 0.18990384615384615 0.07211538461538461
7 0.5889423076923077 0.28365384615384615 0.18028846153846154 0.0673076923076923
7 0.5733173076923077 0.36177884615384615 0.14903846153846154 0.08413461538461539
7 0.47596153846153844 0.4026442307692308 0.1466346153846154 0.0625
7 0.21875 0.4362980769230769 0.16346153846153846 0.11298076923076923
7 0.09975961538461539 0.5360576923076923 0.1466346153846154 0.0985576923076923
7 0.29086538461538464 0.7932692307692307 0.0985576923076923 0.0985576923076923
7 0.1622596153846154 0.8810096153846154 0.20673076923076922 0.11057692307692307
7 0.36538461538461536 0.8846153846153846 0.21394230769230768 0.11298076923076923
7 0.34375 0.6334134615384616 0.07692307692307693 0.0889423076923077
7 0.30649038461538464 0.5697115384615384 0.18269230769230768 0.0985576923076923
7 0.4098557692307692 0.5492788461538461 0.18028846153846154 0.07932692307692307
7 0.4519230769230769 0.6442307692307693 0.13221153846153846 0.040865384615384616
7 0.5528846153846154 0.6887019230769231 0.09134615384615384 0.0625
7 0.6189903846153846 0.7079326923076923 0.14182692307692307 0.055288461538461536
7 0.5805288461538461 0.5048076923076923 0.18990384615384615 0.07692307692307693
7 0.5540865384615384 0.6045673076923077 0.11538461538461539 0.07692307692307693
7 0.6286057692307693 0.6514423076923077 0.11057692307692307 0.057692307692307696