7 0.016826923076923076 0.3629807692307692 0.03365384615384615 0.07211538461538461
7 0.12860576923076922 0.24639423076923078 0.03365384615384615 0.057692307692307696
7 0.07692307692307693 0.3329326923076923 0.02403846153846154 0.028846153846153848
7 0.09254807692307693 0.37259615384615385 0.03365384615384615 0.04807692307692308
7 0.09975961538461539 0.4170673076923077 0.040865384615384616 0.04807692307692308
7 0.11177884615384616 0.4338942307692308 0.05048076923076923 0.040865384615384616
7 0.1310096153846154 0.40625 0.03125 0.04807692307692308
7 0.15264423076923078 0.4411057692307692 0.036057692307692304 0.040865384615384616
7 0.16826923076923078 0.5396634615384616 0.055288461538461536 0.06009615384615385
7 0.23557692307692307 0.5576923076923077 0.03365384615384615 0.057692307692307696
7 0.26322115384615385 0.5757211538461539 0.038461538461538464 0.04567307692307692
7 0.3293269230769231 0.5588942307692307 0.06490384615384616 0.07692307692307693
7 0.4362980769230769 0.5060096153846154 0.05048076923076923 0.0673076923076923
7 0.375 0.5120192307692307 0.036057692307692304 0.0625
7 0.8629807692307693 0.6598557692307693 0.04326923076923077 0.06490384615384616
7 0.921875 0.7295673076923077 0.04807692307692308 0.07211538461538461
7 0.9230769230769231 0.6790865384615384 0.052884615384615384 0.07692307692307693
7 0.9519230769230769 0.6730769230769231 0.03125 0.04807692307692308
7 0.9735576923076923 0.6670673076923077 0.038461538461538464 0.06009615384615385
7 0.9759615384615384 0.6418269230769231 0.04807692307692308 0.0673076923076923