7 0.14423076923076922 0.44350961538461536 0.06971153846153846 0.1466346153846154
7 0.5745192307692307 0.46634615384615385 0.09615384615384616 0.11057692307692307
7 0.4254807692307692 0.5204326923076923 0.09615384615384616 0.07451923076923077
7 0.42788461538461536 0.6129807692307693 0.10336538461538461 0.10336538461538461
7 0.5324519230769231 0.6334134615384616 0.0889423076923077 0.1466346153846154
7 0.5889423076923077 0.5973557692307693 0.05048076923076923 0.11057692307692307
7 0.6670673076923077 0.5685096153846154 0.08413461538461539 0.11778846153846154
7 0.8052884615384616 0.5745192307692307 0.14182692307692307 0.1201923076923077
7 0.6538461538461539 0.6947115384615384 0.0673076923076923 0.10096153846153846
7 0.7115384615384616 0.6670673076923077 0.057692307692307696 0.11538461538461539
7 0.7427884615384616 0.7475961538461539 0.10336538461538461 0.13942307692307693
7 0.7872596153846154 0.3329326923076923 0.009615384615384616 0.014423076923076924