7 0.29447115384615385 0.6129807692307693 0.04326923076923077 0.0673076923076923
7 0.32572115384615385 0.6286057692307693 0.019230769230769232 0.038461538461538464
7 0.328125 0.6033653846153846 0.03125 0.04567307692307692
7 0.36177884615384615 0.6201923076923077 0.038461538461538464 0.04567307692307692
7 0.3762019230769231 0.6694711538461539 0.028846153846153848 0.052884615384615384
7 0.3449519230769231 0.6706730769230769 0.052884615384615384 0.0625
7 0.3545673076923077 0.7175480769230769 0.019230769230769232 0.06009615384615385
7 0.38100961538461536 0.7283653846153846 0.038461538461538464 0.052884615384615384
7 0.40625 0.6442307692307693 0.026442307692307692 0.052884615384615384
7 0.43149038461538464 0.6454326923076923 0.02403846153846154 0.04567307692307692
7 0.42908653846153844 0.6129807692307693 0.02403846153846154 0.040865384615384616
7 0.4567307692307692 0.6382211538461539 0.036057692307692304 0.036057692307692304
7 0.4855769230769231 0.6850961538461539 0.06009615384615385 0.0625
7 0.4891826923076923 0.6610576923076923 0.026442307692307692 0.03365384615384615
7 0.5180288461538461 0.6670673076923077 0.04567307692307692 0.04567307692307692
7 0.4675480769230769 0.5721153846153846 0.040865384615384616 0.05048076923076923
7 0.4579326923076923 0.5925480769230769 0.036057692307692304 0.04326923076923077
7 0.5216346153846154 0.5432692307692307 0.038461538461538464 0.057692307692307696
7 0.6153846153846154 0.5805288461538461 0.03125 0.057692307692307696
7 0.7115384615384616 0.6177884615384616 0.040865384615384616 0.0625
7 0.734375 0.5685096153846154 0.04567307692307692 0.05048076923076923
7 0.8064903846153846 0.6057692307692307 0.057692307692307696 0.0673076923076923
7 0.7956730769230769 0.5637019230769231 0.014423076923076924 0.03365384615384615
7 0.8125 0.5637019230769231 0.036057692307692304 0.040865384615384616
7 0.8521634615384616 0.5564903846153846 0.019230769230769232 0.04326923076923077
7 0.8545673076923077 0.5228365384615384 0.019230769230769232 0.03125
7 0.8846153846153846 0.5384615384615384 0.04326923076923077 0.05048076923076923
7 0.8990384615384616 0.47596153846153844 0.055288461538461536 0.07451923076923077