7 0.14903846153846154 0.5396634615384616 0.11778846153846154 0.14903846153846154
7 0.16466346153846154 0.6598557692307693 0.0985576923076923 0.0985576923076923
7 0.23798076923076922 0.7151442307692307 0.15144230769230768 0.16105769230769232
7 0.2704326923076923 0.6129807692307693 0.057692307692307696 0.08413461538461539
7 0.3245192307692308 0.5072115384615384 0.11778846153846154 0.14903846153846154
7 0.31971153846153844 0.41346153846153844 0.09615384615384616 0.11298076923076923
7 0.3233173076923077 0.25841346153846156 0.0889423076923077 0.1201923076923077
7 0.4675480769230769 0.09615384615384616 0.07692307692307693 0.10817307692307693
7 0.47115384615384615 0.171875 0.08653846153846154 0.11778846153846154
7 0.4326923076923077 0.5228365384615384 0.13221153846153846 0.13942307692307693
7 0.5745192307692307 0.40625 0.13221153846153846 0.2091346153846154
7 0.5637019230769231 0.5913461538461539 0.09134615384615384 0.08413461538461539
7 0.5913461538461539 0.6105769230769231 0.11538461538461539 0.1201923076923077
7 0.5564903846153846 0.6983173076923077 0.10817307692307693 0.08653846153846154
7 0.6526442307692307 0.4098557692307692 0.09134615384615384 0.13942307692307693
7 0.7019230769230769 0.4074519230769231 0.11298076923076923 0.15625
7 0.7992788461538461 0.30649038461538464 0.10817307692307693 0.15625
7 0.6274038461538461 0.7944711538461539 0.10336538461538461 0.17067307692307693
7 0.6887019230769231 0.6887019230769231 0.10576923076923077 0.07451923076923077
7 0.7055288461538461 0.5637019230769231 0.08653846153846154 0.11538461538461539
7 0.7980769230769231 0.6959134615384616 0.17067307692307693 0.1971153846153846
7 0.796875 0.8329326923076923 0.1201923076923077 0.13701923076923078
7 0.8425480769230769 0.8521634615384616 0.08173076923076923 0.10817307692307693