7 0.1622596153846154 0.6346153846153846 0.10336538461538461 0.11538461538461539
7 0.28725961538461536 0.6286057692307693 0.08413461538461539 0.0985576923076923
7 0.33413461538461536 0.5901442307692307 0.06971153846153846 0.0985576923076923
7 0.41466346153846156 0.5709134615384616 0.052884615384615384 0.09134615384615384
7 0.4495192307692308 0.5793269230769231 0.03365384615384615 0.0625
7 0.4675480769230769 0.5576923076923077 0.06971153846153846 0.0889423076923077
7 0.453125 0.48677884615384615 0.0625 0.10576923076923077
7 0.5600961538461539 0.5264423076923077 0.0625 0.09615384615384616
7 0.23677884615384615 0.7836538461538461 0.09134615384615384 0.15625
7 0.40865384615384615 0.75 0.09134615384615384 0.15144230769230768
7 0.46875 0.7091346153846154 0.11057692307692307 0.10817307692307693
7 0.7127403846153846 0.7572115384615384 0.07932692307692307 0.14423076923076922
7 0.7475961538461539 0.7415865384615384 0.06490384615384616 0.16346153846153846
7 0.890625 0.7307692307692307 0.14423076923076922 0.1658653846153846
7 0.7836538461538461 0.6971153846153846 0.052884615384615384 0.13221153846153846