7 0.1814903846153846 0.7980769230769231 0.08173076923076923 0.10096153846153846
7 0.20072115384615385 0.26322115384615385 0.06009615384615385 0.052884615384615384
7 0.21153846153846154 0.3545673076923077 0.06490384615384616 0.057692307692307696
7 0.265625 0.4014423076923077 0.052884615384615384 0.0673076923076923
7 0.30288461538461536 0.34375 0.028846153846153848 0.03125
7 0.35336538461538464 0.3125 0.052884615384615384 0.05048076923076923
7 0.4326923076923077 0.3016826923076923 0.04326923076923077 0.052884615384615384
7 0.3701923076923077 0.47596153846153844 0.04567307692307692 0.06490384615384616
7 0.4266826923076923 0.4362980769230769 0.028846153846153848 0.036057692307692304
7 0.41346153846153844 0.47596153846153844 0.057692307692307696 0.052884615384615384
7 0.4266826923076923 0.6911057692307693 0.04326923076923077 0.06971153846153846
7 0.49278846153846156 0.6334134615384616 0.04567307692307692 0.10096153846153846
7 0.5396634615384616 0.40384615384615385 0.055288461538461536 0.052884615384615384
7 0.6165865384615384 0.4230769230769231 0.028846153846153848 0.04807692307692308
7 0.6298076923076923 0.3858173076923077 0.06971153846153846 0.0625
7 0.765625 0.4206730769230769 0.057692307692307696 0.06009615384615385
7 0.9663461538461539 0.42908653846153844 0.06490384615384616 0.06490384615384616
7 0.6899038461538461 0.5973557692307693 0.06490384615384616 0.06490384615384616
7 0.6153846153846154 0.6021634615384616 0.04326923076923077 0.055288461538461536