7 0.30408653846153844 0.4879807692307692 0.07451923076923077 0.09375
7 0.3798076923076923 0.4074519230769231 0.02403846153846154 0.057692307692307696
7 0.41947115384615385 0.41346153846153844 0.0673076923076923 0.07932692307692307
7 0.5072115384615384 0.40384615384615385 0.07451923076923077 0.12740384615384615
7 0.5625 0.4338942307692308 0.08653846153846154 0.11057692307692307
7 0.6021634615384616 0.4795673076923077 0.09615384615384616 0.0889423076923077
7 0.5336538461538461 0.5336538461538461 0.10817307692307693 0.1201923076923077
7 0.4855769230769231 0.5372596153846154 0.07451923076923077 0.13221153846153846
7 0.31971153846153844 0.7271634615384616 0.14423076923076922 0.13221153846153846
7 0.26802884615384615 0.6346153846153846 0.13221153846153846 0.10576923076923077
7 0.6033653846153846 0.7319711538461539 0.09134615384615384 0.15865384615384615