7 0.8004807692307693 0.32091346153846156 0.04567307692307692 0.057692307692307696
7 0.6550480769230769 0.4098557692307692 0.0625 0.0625
7 0.703125 0.4326923076923077 0.038461538461538464 0.028846153846153848
7 0.7007211538461539 0.4483173076923077 0.02403846153846154 0.03125
7 0.7788461538461539 0.453125 0.04326923076923077 0.055288461538461536
7 0.6189903846153846 0.7019230769230769 0.038461538461538464 0.055288461538461536
7 0.6057692307692307 0.8509615384615384 0.055288461538461536 0.06009615384615385
7 0.5492788461538461 0.4483173076923077 0.052884615384615384 0.0673076923076923
7 0.7800480769230769 0.8100961538461539 0.05048076923076923 0.04567307692307692
7 0.7896634615384616 0.7848557692307693 0.055288461538461536 0.06009615384615385
7 0.8269230769230769 0.8161057692307693 0.052884615384615384 0.0625
7 0.8305288461538461 0.90625 0.055288461538461536 0.07211538461538461