7 0.056490384615384616 0.20432692307692307 0.052884615384615384 0.06971153846153846
7 0.09014423076923077 0.13701923076923078 0.0673076923076923 0.0625
7 0.11778846153846154 0.10697115384615384 0.052884615384615384 0.052884615384615384
7 0.1935096153846154 0.12379807692307693 0.03365384615384615 0.036057692307692304
7 0.22596153846153846 0.11298076923076923 0.052884615384615384 0.07692307692307693
7 0.14302884615384615 0.19951923076923078 0.08413461538461539 0.08173076923076923
7 0.06009615384615385 0.18990384615384615 0.055288461538461536 0.0625
7 0.1310096153846154 0.2980769230769231 0.04807692307692308 0.06490384615384616
7 0.19591346153846154 0.23677884615384615 0.03365384615384615 0.04567307692307692
7 0.23557692307692307 0.23798076923076922 0.04807692307692308 0.07932692307692307
7 0.2764423076923077 0.22115384615384615 0.028846153846153848 0.0625
7 0.23557692307692307 0.31009615384615385 0.07211538461538461 0.06009615384615385
7 0.22596153846153846 0.34375 0.06490384615384616 0.07211538461538461
7 0.2848557692307692 0.29447115384615385 0.05048076923076923 0.05048076923076923
7 0.32091346153846156 0.25841346153846156 0.07451923076923077 0.07932692307692307
7 0.3557692307692308 0.1971153846153846 0.06009615384615385 0.05048076923076923
7 0.4050480769230769 0.14423076923076922 0.07211538461538461 0.07692307692307693
7 0.4182692307692308 0.21875 0.05048076923076923 0.036057692307692304
7 0.38341346153846156 0.24879807692307693 0.06009615384615385 0.06490384615384616
7 0.5216346153846154 0.22596153846153846 0.055288461538461536 0.040865384615384616
7 0.5048076923076923 0.3004807692307692 0.03125 0.07211538461538461
7 0.4050480769230769 0.3713942307692308 0.04567307692307692 0.055288461538461536
7 0.4951923076923077 0.3786057692307692 0.026442307692307692 0.08653846153846154
7 0.484375 0.3581730769230769 0.028846153846153848 0.0673076923076923
7 0.6165865384615384 0.4411057692307692 0.038461538461538464 0.0673076923076923
7 0.6057692307692307 0.38461538461538464 0.03365384615384615 0.06490384615384616
7 0.6346153846153846 0.3641826923076923 0.040865384615384616 0.0889423076923077
7 0.6466346153846154 0.2848557692307692 0.052884615384615384 0.052884615384615384
7 0.7091346153846154 0.27884615384615385 0.07451923076923077 0.07451923076923077
7 0.9038461538461539 0.3473557692307692 0.06490384615384616 0.06971153846153846