7 0.3473557692307692 0.08774038461538461 0.04567307692307692 0.055288461538461536
7 0.23317307692307693 0.07692307692307693 0.02403846153846154 0.04567307692307692
7 0.21514423076923078 0.06490384615384616 0.03125 0.04807692307692308
7 0.19951923076923078 0.07211538461538461 0.03365384615384615 0.055288461538461536
7 0.17548076923076922 0.06370192307692307 0.026442307692307692 0.0625
7 0.12980769230769232 0.04447115384615385 0.040865384615384616 0.07692307692307693
7 0.0733173076923077 0.09975961538461539 0.036057692307692304 0.06490384615384616
7 0.06370192307692307 0.140625 0.03125 0.07211538461538461
7 0.12379807692307693 0.12620192307692307 0.040865384615384616 0.028846153846153848
7 0.1141826923076923 0.17668269230769232 0.04326923076923077 0.07211538461538461
7 0.1141826923076923 0.21754807692307693 0.038461538461538464 0.057692307692307696
7 0.055288461538461536 0.21514423076923078 0.03365384615384615 0.09615384615384616
7 0.02403846153846154 0.43990384615384615 0.04807692307692308 0.125
7 0.11298076923076923 0.38461538461538464 0.06009615384615385 0.125
7 0.1658653846153846 0.41586538461538464 0.03365384615384615 0.07211538461538461
7 0.18509615384615385 0.4675480769230769 0.04567307692307692 0.08653846153846154
7 0.21634615384615385 0.41346153846153844 0.04326923076923077 0.07451923076923077
7 0.21153846153846154 0.4807692307692308 0.04567307692307692 0.057692307692307696
7 0.2800480769230769 0.5012019230769231 0.0673076923076923 0.08173076923076923
7 0.24879807692307693 0.4675480769230769 0.036057692307692304 0.0625
7 0.265625 0.5576923076923077 0.0673076923076923 0.08653846153846154
7 0.2932692307692308 0.5552884615384616 0.055288461538461536 0.0889423076923077
7 0.33052884615384615 0.5709134615384616 0.052884615384615384 0.0889423076923077
7 0.2800480769230769 0.6466346153846154 0.0625 0.10096153846153846
7 0.3473557692307692 0.6971153846153846 0.0673076923076923 0.12259615384615384
7 0.390625 0.8052884615384616 0.06490384615384616 0.13221153846153846
7 0.4170673076923077 0.7103365384615384 0.0625 0.10096153846153846
7 0.4567307692307692 0.8064903846153846 0.07211538461538461 0.10576923076923077
7 0.2127403846153846 0.26322115384615385 0.040865384615384616 0.07932692307692307
7 0.21754807692307693 0.32211538461538464 0.03125 0.07932692307692307
7 0.23798076923076922 0.3016826923076923 0.04807692307692308 0.0625
7 0.2548076923076923 0.34134615384615385 0.036057692307692304 0.07692307692307693
7 0.28846153846153844 0.30288461538461536 0.026442307692307692 0.06490384615384616
7 0.32091346153846156 0.3641826923076923 0.057692307692307696 0.0985576923076923
7 0.36899038461538464 0.29447115384615385 0.03365384615384615 0.04567307692307692
7 0.3737980769230769 0.4110576923076923 0.0625 0.08173076923076923
7 0.42908653846153844 0.3701923076923077 0.06971153846153846 0.0889423076923077
7 0.4230769230769231 0.5408653846153846 0.04807692307692308 0.07211538461538461
7 0.44350961538461536 0.4675480769230769 0.038461538461538464 0.08413461538461539
7 0.47596153846153844 0.4807692307692308 0.052884615384615384 0.10096153846153846
7 0.4699519230769231 0.53125 0.04326923076923077 0.0673076923076923
7 0.4831730769230769 0.5985576923076923 0.04567307692307692 0.052884615384615384
7 0.48677884615384615 0.4050480769230769 0.03365384615384615 0.06490384615384616
7 0.5204326923076923 0.37740384615384615 0.036057692307692304 0.06971153846153846
7 0.5360576923076923 0.4879807692307692 0.038461538461538464 0.0673076923076923
7 0.5192307692307693 0.4963942307692308 0.04807692307692308 0.0625
7 0.5264423076923077 0.5492788461538461 0.0625 0.0673076923076923
7 0.5408653846153846 0.6454326923076923 0.09615384615384616 0.15625
7 0.5420673076923077 0.40865384615384615 0.038461538461538464 0.0625
7 0.5612980769230769 0.47716346153846156 0.04807692307692308 0.07932692307692307
7 0.5793269230769231 0.43149038461538464 0.06009615384615385 0.06971153846153846
7 0.5997596153846154 0.4254807692307692 0.052884615384615384 0.04567307692307692
7 0.6153846153846154 0.5 0.06009615384615385 0.0985576923076923
7 0.5973557692307693 0.5552884615384616 0.05048076923076923 0.07932692307692307
7 0.6213942307692307 0.5805288461538461 0.040865384615384616 0.06971153846153846
7 0.6442307692307693 0.5516826923076923 0.07451923076923077 0.07211538461538461
7 0.6598557692307693 0.47716346153846156 0.0625 0.09615384615384616
7 0.7055288461538461 0.5264423076923077 0.07451923076923077 0.09615384615384616
7 0.6838942307692307 0.33774038461538464 0.0625 0.0985576923076923
7 0.7295673076923077 0.36778846153846156 0.04326923076923077 0.0625
7 0.8125 0.42427884615384615 0.08413461538461539 0.0985576923076923
7 0.7668269230769231 0.5036057692307693 0.08653846153846154 0.06009615384615385
7 0.7704326923076923 0.5492788461538461 0.06490384615384616 0.09615384615384616
7 0.9423076923076923 0.4963942307692308 0.052884615384615384 0.07932692307692307
7 0.6971153846153846 0.6153846153846154 0.07451923076923077 0.14182692307692307
7 0.7632211538461539 0.6466346153846154 0.07211538461538461 0.1346153846153846
7 0.7992788461538461 0.6875 0.040865384615384616 0.06971153846153846
7 0.8353365384615384 0.703125 0.04567307692307692 0.09375
7 0.8978365384615384 0.7367788461538461 0.12259615384615384 0.1971153846153846
7 0.7355769230769231 0.84375 0.10336538461538461 0.16346153846153846
7 0.8137019230769231 0.9230769230769231 0.11298076923076923 0.15384615384615385
7 0.8858173076923077 0.9675480769230769 0.07451923076923077 0.06490384615384616