7 0.04567307692307692 0.49759615384615385 0.09134615384615384 0.18028846153846154
7 0.12740384615384615 0.5913461538461539 0.09375 0.18269230769230768
7 0.234375 0.3112980769230769 0.09615384615384616 0.23317307692307693
7 0.36658653846153844 0.36177884615384615 0.07211538461538461 0.1466346153846154
7 0.31850961538461536 0.5252403846153846 0.06009615384615385 0.18509615384615385
7 0.2824519230769231 0.6286057692307693 0.07451923076923077 0.15865384615384615
7 0.41466346153846156 0.44350961538461536 0.11538461538461539 0.12980769230769232
7 0.46033653846153844 0.47596153846153844 0.12740384615384615 0.1658653846153846
7 0.37259615384615385 0.6850961538461539 0.0985576923076923 0.21153846153846154
7 0.4362980769230769 0.6550480769230769 0.10096153846153846 0.11778846153846154
7 0.5132211538461539 0.6129807692307693 0.12980769230769232 0.1466346153846154
7 0.5300480769230769 0.38461538461538464 0.03365384615384615 0.125
7 0.5853365384615384 0.3485576923076923 0.057692307692307696 0.15384615384615385
7 0.6117788461538461 0.43509615384615385 0.14182692307692307 0.17307692307692307
7 0.6826923076923077 0.4375 0.04567307692307692 0.10576923076923077
7 0.7115384615384616 0.375 0.11057692307692307 0.17548076923076922
7 0.7103365384615384 0.13341346153846154 0.10096153846153846 0.0985576923076923
7 0.7415865384615384 0.19831730769230768 0.1201923076923077 0.1466346153846154
7 0.8581730769230769 0.109375 0.13221153846153846 0.11298076923076923
7 0.6574519230769231 0.5552884615384616 0.12980769230769232 0.13701923076923078
7 0.6466346153846154 0.6574519230769231 0.09615384615384616 0.10096153846153846
7 0.6646634615384616 0.7463942307692307 0.1346153846153846 0.19471153846153846
7 0.7560096153846154 0.6237980769230769 0.10096153846153846 0.14182692307692307
7 0.6971153846153846 0.5829326923076923 0.11057692307692307 0.0985576923076923
7 0.8365384615384616 0.5420673076923077 0.12259615384615384 0.06971153846153846
7 0.8629807692307693 0.6225961538461539 0.1201923076923077 0.11538461538461539
7 0.8930288461538461 0.47596153846153844 0.11778846153846154 0.12740384615384615