7 0.13341346153846154 0.4831730769230769 0.06009615384615385 0.07211538461538461
7 0.15985576923076922 0.39903846153846156 0.0673076923076923 0.08173076923076923
7 0.265625 0.4170673076923077 0.040865384615384616 0.0889423076923077
7 0.32091346153846156 0.421875 0.038461538461538464 0.07692307692307693
7 0.4110576923076923 0.3557692307692308 0.0673076923076923 0.10096153846153846
7 0.30649038461538464 0.5 0.05048076923076923 0.0889423076923077
7 0.33533653846153844 0.5408653846153846 0.06009615384615385 0.125
7 0.3737980769230769 0.6069711538461539 0.04326923076923077 0.09134615384615384
7 0.41225961538461536 0.5637019230769231 0.04567307692307692 0.06971153846153846
7 0.4110576923076923 0.640625 0.04567307692307692 0.10096153846153846
7 0.4266826923076923 0.4699519230769231 0.055288461538461536 0.09134615384615384
7 0.46274038461538464 0.5516826923076923 0.055288461538461536 0.10336538461538461
7 0.5480769230769231 0.5480769230769231 0.09134615384615384 0.10817307692307693
7 0.5817307692307693 0.6081730769230769 0.055288461538461536 0.057692307692307696
7 0.5925480769230769 0.7007211538461539 0.055288461538461536 0.09615384615384616
7 0.1201923076923077 0.9783653846153846 0.07211538461538461 0.04326923076923077