7 0.8100961538461539 0.6947115384615384 0.03365384615384615 0.04567307692307692
7 0.8377403846153846 0.7524038461538461 0.040865384615384616 0.055288461538461536
7 0.8605769230769231 0.7175480769230769 0.036057692307692304 0.04807692307692308
7 0.890625 0.734375 0.03365384615384615 0.057692307692307696
7 0.9206730769230769 0.7331730769230769 0.026442307692307692 0.055288461538461536
7 0.9362980769230769 0.7115384615384616 0.04807692307692308 0.05048076923076923
7 0.5865384615384616 0.3786057692307692 0.026442307692307692 0.04326923076923077
7 0.038461538461538464 0.7788461538461539 0.05048076923076923 0.06009615384615385
7 0.1778846153846154 0.7235576923076923 0.052884615384615384 0.05048076923076923
7 0.16947115384615385 0.7848557692307693 0.06971153846153846 0.0673076923076923
7 0.18028846153846154 0.3545673076923077 0.038461538461538464 0.052884615384615384
7 0.23557692307692307 0.38221153846153844 0.026442307692307692 0.04326923076923077
7 0.22235576923076922 0.3786057692307692 0.019230769230769232 0.03365384615384615
7 0.25240384615384615 0.4170673076923077 0.026442307692307692 0.055288461538461536
7 0.3245192307692308 0.4206730769230769 0.052884615384615384 0.0673076923076923
7 0.4483173076923077 0.421875 0.040865384615384616 0.06490384615384616
7 0.3942307692307692 0.39302884615384615 0.02403846153846154 0.05048076923076923
7 0.2247596153846154 0.2764423076923077 0.03365384615384615 0.03365384615384615
7 0.20793269230769232 0.2704326923076923 0.016826923076923076 0.028846153846153848
7 0.21634615384615385 0.2548076923076923 0.019230769230769232 0.040865384615384616
7 0.18870192307692307 0.25600961538461536 0.038461538461538464 0.05048076923076923
7 0.1814903846153846 0.2403846153846154 0.036057692307692304 0.04567307692307692
7 0.1310096153846154 0.17548076923076922 0.036057692307692304 0.04567307692307692
7 0.19591346153846154 0.17548076923076922 0.019230769230769232 0.028846153846153848
7 0.19831730769230768 0.20432692307692307 0.021634615384615384 0.03365384615384615
7 0.21153846153846154 0.17427884615384615 0.019230769230769232 0.03365384615384615
7 0.2956730769230769 0.125 0.02403846153846154 0.03365384615384615
7 0.4362980769230769 0.057692307692307696 0.026442307692307692 0.03125