7 0.33774038461538464 0.5180288461538461 0.03125 0.05048076923076923
7 0.41225961538461536 0.5901442307692307 0.02403846153846154 0.03125
7 0.41586538461538464 0.6274038461538461 0.021634615384615384 0.057692307692307696
7 0.4495192307692308 0.5444711538461539 0.02403846153846154 0.03365384615384615
7 0.5120192307692307 0.5853365384615384 0.04326923076923077 0.04807692307692308
7 0.5120192307692307 0.6081730769230769 0.02403846153846154 0.02403846153846154
7 0.49399038461538464 0.6358173076923077 0.038461538461538464 0.04567307692307692
7 0.4951923076923077 0.6610576923076923 0.038461538461538464 0.04807692307692308
7 0.47475961538461536 0.6754807692307693 0.040865384615384616 0.06009615384615385
7 0.45072115384615385 0.6826923076923077 0.03125 0.04567307692307692
7 0.5144230769230769 0.6935096153846154 0.04567307692307692 0.06971153846153846
7 0.5360576923076923 0.6526442307692307 0.04567307692307692 0.06490384615384616
7 0.5661057692307693 0.6875 0.026442307692307692 0.07211538461538461
7 0.6983173076923077 0.7007211538461539 0.03365384615384615 0.0625
7 0.7728365384615384 0.7836538461538461 0.057692307692307696 0.0673076923076923