7 0.25240384615384615 0.625 0.06490384615384616 0.06009615384615385
7 0.3173076923076923 0.5865384615384616 0.04807692307692308 0.052884615384615384
7 0.2439903846153846 0.46033653846153844 0.040865384615384616 0.036057692307692304
7 0.28966346153846156 0.4579326923076923 0.036057692307692304 0.04567307692307692
7 0.30649038461538464 0.47596153846153844 0.019230769230769232 0.026442307692307692
7 0.3233173076923077 0.4639423076923077 0.016826923076923076 0.021634615384615384
7 0.34375 0.4735576923076923 0.036057692307692304 0.03365384615384615
7 0.4014423076923077 0.49759615384615385 0.036057692307692304 0.036057692307692304
7 0.3329326923076923 0.44350961538461536 0.036057692307692304 0.03125
7 0.35336538461538464 0.4567307692307692 0.028846153846153848 0.028846153846153848
7 0.3786057692307692 0.453125 0.02403846153846154 0.026442307692307692
7 0.3918269230769231 0.4639423076923077 0.03125 0.026442307692307692
7 0.39783653846153844 0.44471153846153844 0.021634615384615384 0.026442307692307692
7 0.4387019230769231 0.4675480769230769 0.04326923076923077 0.03125
7 0.4651442307692308 0.49038461538461536 0.02403846153846154 0.021634615384615384
7 0.5132211538461539 0.4831730769230769 0.019230769230769232 0.021634615384615384
7 0.44711538461538464 0.4230769230769231 0.021634615384615384 0.028846153846153848
7 0.49759615384615385 0.4074519230769231 0.021634615384615384 0.026442307692307692
7 0.5096153846153846 0.41586538461538464 0.02403846153846154 0.021634615384615384
7 0.5144230769230769 0.42788461538461536 0.014423076923076924 0.02403846153846154
7 0.5360576923076923 0.42788461538461536 0.019230769230769232 0.021634615384615384
7 0.5528846153846154 0.4206730769230769 0.016826923076923076 0.016826923076923076
7 0.5600961538461539 0.43509615384615385 0.026442307692307692 0.021634615384615384
7 0.5757211538461539 0.42788461538461536 0.02403846153846154 0.01201923076923077
7 0.5444711538461539 0.43990384615384615 0.009615384615384616 0.009615384615384616
7 0.5528846153846154 0.46033653846153844 0.019230769230769232 0.021634615384615384
7 0.6766826923076923 0.453125 0.016826923076923076 0.016826923076923076
7 0.6838942307692307 0.4579326923076923 0.014423076923076924 0.016826923076923076
7 0.6862980769230769 0.4651442307692308 0.009615384615384616 0.014423076923076924
7 0.6971153846153846 0.45913461538461536 0.019230769230769232 0.009615384615384616
7 0.6971153846153846 0.47115384615384615 0.014423076923076924 0.016826923076923076
7 0.7548076923076923 0.4795673076923077 0.016826923076923076 0.016826923076923076
7 0.7896634615384616 0.47716346153846156 0.01201923076923077 0.02403846153846154
7 0.8413461538461539 0.4879807692307692 0.009615384615384616 0.01201923076923077
7 0.8485576923076923 0.4963942307692308 0.009615384615384616 0.014423076923076924
7 0.8557692307692307 0.48677884615384615 0.014423076923076924 0.021634615384615384
7 0.9254807692307693 0.5096153846153846 0.016826923076923076 0.021634615384615384
7 0.9627403846153846 0.5360576923076923 0.02403846153846154 0.02403846153846154