7 0.16346153846153846 0.25841346153846156 0.20673076923076922 0.19471153846153846
7 0.2764423076923077 0.3233173076923077 0.10576923076923077 0.08173076923076923
7 0.2608173076923077 0.4170673076923077 0.0985576923076923 0.12980769230769232
7 0.203125 0.3954326923076923 0.18509615384615385 0.14903846153846154
7 0.1875 0.5420673076923077 0.18990384615384615 0.2644230769230769
7 0.26802884615384615 0.7151442307692307 0.1466346153846154 0.14423076923076922
7 0.33774038461538464 0.6069711538461539 0.18028846153846154 0.22115384615384615
7 0.4495192307692308 0.6117788461538461 0.12980769230769232 0.14903846153846154
7 0.39663461538461536 0.47475961538461536 0.19471153846153846 0.17067307692307693
7 0.375 0.38461538461538464 0.15625 0.15625
7 0.5757211538461539 0.49278846153846156 0.20673076923076922 0.17307692307692307
7 0.5600961538461539 0.6141826923076923 0.13942307692307693 0.12740384615384615
7 0.7115384615384616 0.6670673076923077 0.24278846153846154 0.31009615384615385
7 0.8581730769230769 0.6237980769230769 0.1971153846153846 0.23798076923076922
7 0.8774038461538461 0.5120192307692307 0.1201923076923077 0.15144230769230768