7 0.09014423076923077 0.17307692307692307 0.04807692307692308 0.06009615384615385
7 0.3293269230769231 0.41586538461538464 0.06971153846153846 0.0625
7 0.30408653846153844 0.27283653846153844 0.0673076923076923 0.06971153846153846
7 0.3485576923076923 0.2860576923076923 0.021634615384615384 0.026442307692307692
7 0.36778846153846156 0.28125 0.02403846153846154 0.028846153846153848
7 0.39302884615384615 0.2824519230769231 0.04567307692307692 0.04807692307692308
7 0.43028846153846156 0.29447115384615385 0.057692307692307696 0.04807692307692308
7 0.47115384615384615 0.3125 0.057692307692307696 0.07451923076923077
7 0.5180288461538461 0.35336538461538464 0.04326923076923077 0.04807692307692308
7 0.5661057692307693 0.375 0.04807692307692308 0.0625
7 0.6430288461538461 0.41586538461538464 0.0673076923076923 0.0889423076923077
7 0.7487980769230769 0.4699519230769231 0.08173076923076923 0.11057692307692307