7 0.1658653846153846 0.4891826923076923 0.021634615384615384 0.02403846153846154
7 0.25600961538461536 0.4699519230769231 0.02403846153846154 0.026442307692307692
7 0.25961538461538464 0.4362980769230769 0.019230769230769232 0.026442307692307692
7 0.28966346153846156 0.4326923076923077 0.021634615384615384 0.019230769230769232
7 0.2860576923076923 0.4423076923076923 0.01201923076923077 0.016826923076923076
7 0.27884615384615385 0.45552884615384615 0.02403846153846154 0.02403846153846154
7 0.3112980769230769 0.45072115384615385 0.016826923076923076 0.019230769230769232
7 0.3161057692307692 0.4675480769230769 0.019230769230769232 0.026442307692307692
7 0.2800480769230769 0.5805288461538461 0.028846153846153848 0.03365384615384615
7 0.33413461538461536 0.5228365384615384 0.019230769230769232 0.026442307692307692
7 0.37259615384615385 0.47836538461538464 0.019230769230769232 0.021634615384615384
7 0.4014423076923077 0.5540865384615384 0.019230769230769232 0.021634615384615384
7 0.4723557692307692 0.5396634615384616 0.014423076923076924 0.021634615384615384
7 0.5444711538461539 0.5600961538461539 0.021634615384615384 0.021634615384615384
7 0.5793269230769231 0.5961538461538461 0.01201923076923077 0.014423076923076924