7 0.21394230769230768 0.08173076923076923 0.06009615384615385 0.08653846153846154
7 0.23197115384615385 0.29927884615384615 0.0673076923076923 0.14423076923076922
7 0.2764423076923077 0.2439903846153846 0.052884615384615384 0.11057692307692307
7 0.3088942307692308 0.28846153846153844 0.07211538461538461 0.09134615384615384
7 0.3076923076923077 0.1658653846153846 0.055288461538461536 0.06971153846153846
7 0.33052884615384615 0.25 0.04567307692307692 0.03365384615384615
7 0.38461538461538464 0.19110576923076922 0.04567307692307692 0.06971153846153846
7 0.4170673076923077 0.21033653846153846 0.07692307692307693 0.0673076923076923
7 0.3798076923076923 0.3173076923076923 0.07451923076923077 0.10817307692307693
7 0.4014423076923077 0.2800480769230769 0.0673076923076923 0.07451923076923077
7 0.47475961538461536 0.3161057692307692 0.057692307692307696 0.08653846153846154
7 0.5625 0.34615384615384615 0.0625 0.11298076923076923
7 0.5084134615384616 0.4170673076923077 0.07692307692307693 0.10096153846153846
7 0.4338942307692308 0.4891826923076923 0.09615384615384616 0.11057692307692307
7 0.27403846153846156 0.6610576923076923 0.057692307692307696 0.11538461538461539
7 0.40865384615384615 0.7704326923076923 0.11778846153846154 0.15625
7 0.6947115384615384 0.7115384615384616 0.125 0.13221153846153846
7 0.6165865384615384 0.6274038461538461 0.11538461538461539 0.12980769230769232
7 0.6947115384615384 0.5745192307692307 0.09615384615384616 0.1201923076923077
7 0.6790865384615384 0.49158653846153844 0.08653846153846154 0.09134615384615384
7 0.65625 0.46274038461538464 0.09134615384615384 0.10336538461538461
7 0.5877403846153846 0.4699519230769231 0.0673076923076923 0.10817307692307693
7 0.6682692307692307 0.23197115384615385 0.0985576923076923 0.10336538461538461