7 0.1466346153846154 0.7512019230769231 0.09615384615384616 0.09134615384615384
7 0.4206730769230769 0.6766826923076923 0.06971153846153846 0.07211538461538461
7 0.4735576923076923 0.6346153846153846 0.057692307692307696 0.057692307692307696
7 0.5901442307692307 0.6129807692307693 0.038461538461538464 0.06490384615384616
7 0.6682692307692307 0.6129807692307693 0.0673076923076923 0.07451923076923077
7 0.7728365384615384 0.4483173076923077 0.06009615384615385 0.040865384615384616
7 0.9591346153846154 0.45552884615384615 0.08173076923076923 0.07932692307692307
7 0.6286057692307693 0.4411057692307692 0.052884615384615384 0.05048076923076923
7 0.6370192307692307 0.4050480769230769 0.052884615384615384 0.040865384615384616
7 0.5576923076923077 0.40865384615384615 0.052884615384615384 0.057692307692307696
7 0.37259615384615385 0.4495192307692308 0.04326923076923077 0.0673076923076923
7 0.38341346153846156 0.47475961538461536 0.02403846153846154 0.04807692307692308
7 0.4230769230769231 0.47716346153846156 0.08653846153846154 0.06009615384615385
7 0.42788461538461536 0.43990384615384615 0.05048076923076923 0.0625
7 0.2668269230769231 0.38461538461538464 0.0673076923076923 0.07211538461538461
7 0.23317307692307693 0.3233173076923077 0.055288461538461536 0.07692307692307693
7 0.22596153846153846 0.2439903846153846 0.052884615384615384 0.057692307692307696
7 0.27403846153846156 0.3329326923076923 0.05048076923076923 0.052884615384615384
7 0.3088942307692308 0.3269230769230769 0.02403846153846154 0.055288461538461536
7 0.3401442307692308 0.31850961538461536 0.028846153846153848 0.040865384615384616
7 0.38100961538461536 0.296875 0.08173076923076923 0.07692307692307693
7 0.4579326923076923 0.28966346153846156 0.04807692307692308 0.055288461538461536