7 0.20432692307692307 0.17548076923076922 0.052884615384615384 0.06009615384615385
7 0.09495192307692307 0.20793269230769232 0.028846153846153848 0.04567307692307692
7 0.0733173076923077 0.203125 0.038461538461538464 0.05048076923076923
7 0.06009615384615385 0.21634615384615385 0.038461538461538464 0.057692307692307696
7 0.036057692307692304 0.21754807692307693 0.03365384615384615 0.0625
7 0.015625 0.2956730769230769 0.03125 0.03365384615384615
7 0.02403846153846154 0.3449519230769231 0.04807692307692308 0.07451923076923077
7 0.037259615384615384 0.38221153846153844 0.04567307692307692 0.0625
7 0.036057692307692304 0.625 0.0673076923076923 0.125
7 0.0985576923076923 0.5384615384615384 0.07451923076923077 0.12740384615384615
7 0.15745192307692307 0.546875 0.04326923076923077 0.07451923076923077
7 0.19591346153846154 0.5877403846153846 0.055288461538461536 0.0889423076923077
7 0.20432692307692307 0.5252403846153846 0.052884615384615384 0.07692307692307693
7 0.22596153846153846 0.5901442307692307 0.05048076923076923 0.06009615384615385
7 0.2956730769230769 0.5829326923076923 0.07451923076923077 0.08653846153846154
7 0.2548076923076923 0.5649038461538461 0.04326923076923077 0.06490384615384616
7 0.30408653846153844 0.640625 0.07692307692307693 0.09134615384615384
7 0.3293269230769231 0.6286057692307693 0.06490384615384616 0.09375
7 0.36899038461538464 0.6298076923076923 0.0625 0.09134615384615384
7 0.35096153846153844 0.7175480769230769 0.07451923076923077 0.10576923076923077
7 0.4326923076923077 0.7391826923076923 0.08173076923076923 0.12740384615384615
7 0.5132211538461539 0.8233173076923077 0.08173076923076923 0.13701923076923078
7 0.5024038461538461 0.7259615384615384 0.07451923076923077 0.10576923076923077
7 0.5745192307692307 0.8016826923076923 0.08413461538461539 0.11057692307692307
7 0.14543269230769232 0.38822115384615385 0.05048076923076923 0.08173076923076923
7 0.171875 0.4411057692307692 0.040865384615384616 0.07932692307692307
7 0.18389423076923078 0.41466346153846156 0.055288461538461536 0.0673076923076923
7 0.2127403846153846 0.44471153846153844 0.04567307692307692 0.07932692307692307
7 0.22956730769230768 0.39663461538461536 0.03365384615384615 0.06490384615384616
7 0.2824519230769231 0.4411057692307692 0.0673076923076923 0.10336538461538461
7 0.3016826923076923 0.359375 0.038461538461538464 0.04807692307692308
7 0.34975961538461536 0.4639423076923077 0.07211538461538461 0.0889423076923077
7 0.3858173076923077 0.40625 0.07932692307692307 0.09375
7 0.44471153846153844 0.5661057692307693 0.057692307692307696 0.07451923076923077
7 0.43509615384615385 0.49158653846153844 0.04807692307692308 0.08653846153846154
7 0.4699519230769231 0.49158653846153844 0.06490384615384616 0.10336538461538461
7 0.4831730769230769 0.5408653846153846 0.05048076923076923 0.06971153846153846
7 0.5216346153846154 0.5973557692307693 0.052884615384615384 0.057692307692307696
7 0.4519230769230769 0.4170673076923077 0.040865384615384616 0.0673076923076923
7 0.4723557692307692 0.3786057692307692 0.04567307692307692 0.07211538461538461
7 0.5288461538461539 0.47475961538461536 0.04807692307692308 0.06971153846153846
7 0.5168269230769231 0.4891826923076923 0.055288461538461536 0.0673076923076923
7 0.5432692307692307 0.5360576923076923 0.06971153846153846 0.07211538461538461
7 0.5925480769230769 0.6189903846153846 0.11538461538461539 0.16105769230769232
7 0.5036057692307693 0.39903846153846156 0.04567307692307692 0.0673076923076923
7 0.5480769230769231 0.45552884615384615 0.055288461538461536 0.08173076923076923
7 0.5480769230769231 0.40625 0.0673076923076923 0.07692307692307693
7 0.5649038461538461 0.39302884615384615 0.057692307692307696 0.052884615384615384
7 0.6069711538461539 0.4567307692307692 0.06971153846153846 0.10336538461538461
7 0.6105769230769231 0.515625 0.057692307692307696 0.08173076923076923
7 0.6418269230769231 0.5288461538461539 0.05048076923076923 0.07211538461538461
7 0.6526442307692307 0.49399038461538464 0.08173076923076923 0.07932692307692307
7 0.640625 0.41947115384615385 0.07451923076923077 0.10096153846153846
7 0.6995192307692307 0.44711538461538464 0.08653846153846154 0.10336538461538461
7 0.609375 0.2800480769230769 0.07211538461538461 0.10336538461538461
7 0.6634615384615384 0.2920673076923077 0.05048076923076923 0.06490384615384616
7 0.7608173076923077 0.3125 0.09615384615384616 0.10576923076923077
7 0.7487980769230769 0.40384615384615385 0.09134615384615384 0.06971153846153846
7 0.7692307692307693 0.44471153846153844 0.07692307692307693 0.10096153846153846
7 0.9086538461538461 0.33052884615384615 0.06009615384615385 0.08413461538461539
7 0.7247596153846154 0.5324519230769231 0.09134615384615384 0.1466346153846154
7 0.7980769230769231 0.5372596153846154 0.0889423076923077 0.13701923076923078
7 0.8473557692307693 0.5625 0.05048076923076923 0.07211538461538461
7 0.8882211538461539 0.5625 0.055288461538461536 0.09615384615384616
7 0.9423076923076923 0.5685096153846154 0.11538461538461539 0.20432692307692307
7 0.8461538461538461 0.7307692307692307 0.1201923076923077 0.17067307692307693
7 0.9423076923076923 0.7776442307692307 0.11538461538461539 0.17067307692307693