7 0.1658653846153846 0.4951923076923077 0.021634615384615384 0.02403846153846154
7 0.2548076923076923 0.4735576923076923 0.02403846153846154 0.02403846153846154
7 0.25841346153846156 0.43990384615384615 0.019230769230769232 0.026442307692307692
7 0.28846153846153844 0.4362980769230769 0.021634615384615384 0.019230769230769232
7 0.2848557692307692 0.44591346153846156 0.01201923076923077 0.016826923076923076
7 0.2776442307692308 0.45913461538461536 0.021634615384615384 0.021634615384615384
7 0.3112980769230769 0.453125 0.016826923076923076 0.019230769230769232
7 0.3161057692307692 0.47115384615384615 0.019230769230769232 0.026442307692307692
7 0.2824519230769231 0.5841346153846154 0.028846153846153848 0.03365384615384615
7 0.33413461538461536 0.5264423076923077 0.019230769230769232 0.026442307692307692
7 0.37259615384615385 0.4807692307692308 0.019230769230769232 0.021634615384615384
7 0.4026442307692308 0.5552884615384616 0.019230769230769232 0.021634615384615384
7 0.4735576923076923 0.5396634615384616 0.014423076923076924 0.021634615384615384
7 0.5456730769230769 0.5588942307692307 0.021634615384615384 0.021634615384615384
7 0.5805288461538461 0.5949519230769231 0.01201923076923077 0.014423076923076924