7 0.23798076923076922 0.04326923076923077 0.036057692307692304 0.05048076923076923
7 0.27283653846153844 0.375 0.026442307692307692 0.038461538461538464
7 0.34134615384615385 0.31850961538461536 0.028846153846153848 0.04567307692307692
7 0.4110576923076923 0.23677884615384615 0.036057692307692304 0.052884615384615384
7 0.328125 0.3629807692307692 0.036057692307692304 0.052884615384615384
7 0.2932692307692308 0.40865384615384615 0.05048076923076923 0.040865384615384616
7 0.28725961538461536 0.4519230769230769 0.03125 0.055288461538461536
7 0.23076923076923078 0.49399038461538464 0.03125 0.055288461538461536
7 0.2692307692307692 0.5348557692307693 0.019230769230769232 0.038461538461538464
7 0.2800480769230769 0.49278846153846156 0.04326923076923077 0.038461538461538464
7 0.3125 0.5108173076923077 0.021634615384615384 0.04326923076923077
7 0.32091346153846156 0.47475961538461536 0.026442307692307692 0.057692307692307696
7 0.40384615384615385 0.39783653846153844 0.03365384615384615 0.07932692307692307
7 0.6286057692307693 0.36177884615384615 0.019230769230769232 0.038461538461538464
7 0.6237980769230769 0.4170673076923077 0.014423076923076924 0.04567307692307692
7 0.6310096153846154 0.4723557692307692 0.019230769230769232 0.038461538461538464
7 0.6466346153846154 0.484375 0.02403846153846154 0.055288461538461536
7 0.5204326923076923 0.7091346153846154 0.03365384615384615 0.052884615384615384
7 0.7055288461538461 0.40625 0.04807692307692308 0.052884615384615384
7 0.7644230769230769 0.3581730769230769 0.021634615384615384 0.04567307692307692
7 0.7596153846153846 0.28125 0.02403846153846154 0.03365384615384615
7 0.7620192307692307 0.4423076923076923 0.028846153846153848 0.04567307692307692
7 0.7716346153846154 0.453125 0.040865384615384616 0.06009615384615385
7 0.8954326923076923 0.390625 0.02403846153846154 0.04567307692307692
7 0.9086538461538461 0.4338942307692308 0.026442307692307692 0.040865384615384616