7 0.09735576923076923 0.36899038461538464 0.04567307692307692 0.06009615384615385
7 0.12860576923076922 0.3293269230769231 0.036057692307692304 0.052884615384615384
7 0.21394230769230768 0.34975961538461536 0.04567307692307692 0.052884615384615384
7 0.33774038461538464 0.2704326923076923 0.028846153846153848 0.04326923076923077
7 0.3076923076923077 0.29927884615384615 0.04567307692307692 0.04807692307692308
7 0.27283653846153844 0.35216346153846156 0.036057692307692304 0.06490384615384616
7 0.2536057692307692 0.3401442307692308 0.026442307692307692 0.03365384615384615
7 0.3317307692307692 0.3701923076923077 0.055288461538461536 0.04807692307692308
7 0.46875 0.3786057692307692 0.03125 0.040865384615384616
7 0.49759615384615385 0.36899038461538464 0.03365384615384615 0.03365384615384615
7 0.5168269230769231 0.39663461538461536 0.057692307692307696 0.04807692307692308
7 0.5540865384615384 0.35336538461538464 0.04807692307692308 0.052884615384615384
7 0.5336538461538461 0.3137019230769231 0.0625 0.04567307692307692
7 0.5853365384615384 0.2800480769230769 0.0673076923076923 0.0625
7 0.6021634615384616 0.3125 0.040865384615384616 0.040865384615384616
7 0.6995192307692307 0.2668269230769231 0.03125 0.04326923076923077
7 0.84375 0.22235576923076922 0.052884615384615384 0.052884615384615384
7 0.8365384615384616 0.3737980769230769 0.038461538461538464 0.07692307692307693
7 0.7800480769230769 0.4014423076923077 0.040865384615384616 0.055288461538461536
7 0.7512019230769231 0.44711538461538464 0.038461538461538464 0.052884615384615384
7 0.7728365384615384 0.5024038461538461 0.0625 0.055288461538461536
7 0.7115384615384616 0.6346153846153846 0.07692307692307693 0.09134615384615384
7 0.36177884615384615 0.6418269230769231 0.057692307692307696 0.07211538461538461