7 0.04807692307692308 0.4723557692307692 0.036057692307692304 0.06009615384615385
7 0.06610576923076923 0.5096153846153846 0.057692307692307696 0.06490384615384616
7 0.08052884615384616 0.5360576923076923 0.04567307692307692 0.052884615384615384
7 0.12259615384615384 0.20673076923076922 0.0625 0.04807692307692308
7 0.12259615384615384 0.2403846153846154 0.036057692307692304 0.052884615384615384
7 0.13341346153846154 0.27283653846153844 0.04567307692307692 0.06009615384615385
7 0.15865384615384615 0.2403846153846154 0.05048076923076923 0.04567307692307692
7 0.16706730769230768 0.16706730769230768 0.06009615384615385 0.06490384615384616
7 0.21514423076923078 0.18629807692307693 0.04567307692307692 0.04567307692307692
7 0.22956730769230768 0.26322115384615385 0.06490384615384616 0.05048076923076923
7 0.25961538461538464 0.2956730769230769 0.06971153846153846 0.06490384615384616
7 0.27884615384615385 0.17307692307692307 0.0625 0.04807692307692308
7 0.2800480769230769 0.21634615384615385 0.055288461538461536 0.040865384615384616
7 0.30649038461538464 0.17668269230769232 0.06009615384615385 0.06009615384615385
7 0.33533653846153844 0.21995192307692307 0.07932692307692307 0.06971153846153846
7 0.3858173076923077 0.25 0.07932692307692307 0.07451923076923077
7 0.36899038461538464 0.1814903846153846 0.06009615384615385 0.04567307692307692
7 0.3942307692307692 0.20192307692307693 0.06490384615384616 0.028846153846153848
7 0.46274038461538464 0.1875 0.07692307692307693 0.0673076923076923
7 0.4170673076923077 0.17908653846153846 0.055288461538461536 0.04807692307692308
7 0.3004807692307692 0.32091346153846156 0.03125 0.0673076923076923
7 0.33413461538461536 0.3293269230769231 0.05048076923076923 0.08173076923076923
7 0.46875 0.25961538461538464 0.0625 0.07692307692307693
7 0.17548076923076922 0.5072115384615384 0.052884615384615384 0.0673076923076923
7 0.21514423076923078 0.47716346153846156 0.07211538461538461 0.06009615384615385
7 0.2644230769230769 0.4651442307692308 0.06009615384615385 0.06009615384615385
7 0.20552884615384615 0.5697115384615384 0.08653846153846154 0.06971153846153846
7 0.23317307692307693 0.5528846153846154 0.07932692307692307 0.0673076923076923
7 0.25961538461538464 0.5108173076923077 0.0625 0.04807692307692308
7 0.30288461538461536 0.5048076923076923 0.07211538461538461 0.06490384615384616
7 0.2920673076923077 0.5612980769230769 0.038461538461538464 0.08653846153846154
7 0.3016826923076923 0.5913461538461539 0.04807692307692308 0.06971153846153846
7 0.3401442307692308 0.5408653846153846 0.04807692307692308 0.06490384615384616
7 0.38822115384615385 0.6754807692307693 0.06971153846153846 0.0985576923076923
7 0.4170673076923077 0.40384615384615385 0.055288461538461536 0.0673076923076923
7 0.4362980769230769 0.4362980769230769 0.09615384615384616 0.06490384615384616
7 0.4651442307692308 0.4074519230769231 0.0673076923076923 0.0625
7 0.5889423076923077 0.1875 0.08653846153846154 0.06009615384615385
7 0.5841346153846154 0.2644230769230769 0.06971153846153846 0.06490384615384616
7 0.6622596153846154 0.24879807692307693 0.06971153846153846 0.08653846153846154
7 0.7403846153846154 0.24158653846153846 0.06009615384615385 0.07451923076923077
7 0.7872596153846154 0.27403846153846156 0.07932692307692307 0.06971153846153846
7 0.8149038461538461 0.25721153846153844 0.06009615384615385 0.06009615384615385
7 0.8088942307692307 0.3125 0.06009615384615385 0.04807692307692308
7 0.7367788461538461 0.29447115384615385 0.05048076923076923 0.057692307692307696
7 0.7463942307692307 0.3233173076923077 0.055288461538461536 0.052884615384615384
7 0.7295673076923077 0.3545673076923077 0.03125 0.08173076923076923
7 0.7319711538461539 0.40625 0.04567307692307692 0.06009615384615385
7 0.7524038461538461 0.3870192307692308 0.036057692307692304 0.0625
7 0.7716346153846154 0.4170673076923077 0.057692307692307696 0.0889423076923077
7 0.8028846153846154 0.4206730769230769 0.04567307692307692 0.07692307692307693
7 0.8978365384615384 0.32091346153846156 0.07211538461538461 0.08413461538461539
7 0.5456730769230769 0.4362980769230769 0.07451923076923077 0.07692307692307693
7 0.5925480769230769 0.43028846153846156 0.0625 0.05048076923076923
7 0.6021634615384616 0.4639423076923077 0.036057692307692304 0.057692307692307696
7 0.6346153846153846 0.4891826923076923 0.04807692307692308 0.057692307692307696
7 0.6538461538461539 0.43028846153846156 0.052884615384615384 0.04807692307692308
7 0.6935096153846154 0.44711538461538464 0.038461538461538464 0.03365384615384615
7 0.6502403846153846 0.484375 0.052884615384615384 0.0625
7 0.6850961538461539 0.49278846153846156 0.04567307692307692 0.05048076923076923
7 0.7211538461538461 0.49038461538461536 0.06490384615384616 0.04326923076923077
7 0.7740384615384616 0.47596153846153844 0.0673076923076923 0.04567307692307692
7 0.7115384615384616 0.5492788461538461 0.07932692307692307 0.07932692307692307
7 0.47596153846153844 0.5168269230769231 0.07451923076923077 0.055288461538461536
7 0.4831730769230769 0.5540865384615384 0.07692307692307693 0.04567307692307692
7 0.4855769230769231 0.6177884615384616 0.057692307692307696 0.08653846153846154
7 0.5444711538461539 0.5492788461538461 0.05048076923076923 0.0985576923076923
7 0.5480769230769231 0.6009615384615384 0.06490384615384616 0.057692307692307696
7 0.5408653846153846 0.6574519230769231 0.06009615384615385 0.10096153846153846
7 0.5721153846153846 0.6670673076923077 0.055288461538461536 0.08413461538461539
7 0.6069711538461539 0.6201923076923077 0.04326923076923077 0.06971153846153846
7 0.6598557692307693 0.7115384615384616 0.08173076923076923 0.09134615384615384
7 0.6995192307692307 0.6634615384615384 0.052884615384615384 0.0625
7 0.8774038461538461 0.875 0.09615384615384616 0.11298076923076923
7 0.8233173076923077 0.8701923076923077 0.0673076923076923 0.0673076923076923