7 0.13701923076923078 0.5108173076923077 0.11538461538461539 0.125
7 0.25600961538461536 0.5480769230769231 0.09375 0.10576923076923077
7 0.3137019230769231 0.5276442307692307 0.08173076923076923 0.10576923076923077
7 0.3954326923076923 0.5372596153846154 0.0625 0.09375
7 0.4254807692307692 0.5564903846153846 0.040865384615384616 0.06490384615384616
7 0.4495192307692308 0.5432692307692307 0.07932692307692307 0.09615384615384616
7 0.46033653846153844 0.47115384615384615 0.07692307692307693 0.11057692307692307
7 0.546875 0.5456730769230769 0.07451923076923077 0.10096153846153846
7 0.15625 0.6766826923076923 0.11057692307692307 0.16346153846153846
7 0.3293269230769231 0.7043269230769231 0.11057692307692307 0.15865384615384615
7 0.39903846153846156 0.6850961538461539 0.12259615384615384 0.1201923076923077
7 0.6129807692307693 0.8137019230769231 0.09615384615384616 0.14903846153846154
7 0.6502403846153846 0.8112980769230769 0.08413461538461539 0.1658653846153846
7 0.7884615384615384 0.8509615384615384 0.16346153846153846 0.18028846153846154
7 0.6995192307692307 0.7824519230769231 0.06971153846153846 0.1346153846153846