7 0.14543269230769232 0.15745192307692307 0.125 0.19230769230769232
7 0.4675480769230769 0.15745192307692307 0.10336538461538461 0.16105769230769232
7 0.6081730769230769 0.14543269230769232 0.10096153846153846 0.13221153846153846
7 0.6298076923076923 0.26322115384615385 0.10576923076923077 0.13701923076923078
7 0.6802884615384616 0.1971153846153846 0.052884615384615384 0.08653846153846154
7 0.7163461538461539 0.1622596153846154 0.06490384615384616 0.09134615384615384
7 0.7680288461538461 0.19831730769230768 0.07451923076923077 0.08413461538461539
7 0.6959134615384616 0.23798076923076922 0.12980769230769232 0.11057692307692307
7 0.7572115384615384 0.3233173076923077 0.12259615384615384 0.14182692307692307
7 0.8605769230769231 0.28725961538461536 0.13942307692307693 0.125
7 0.9050480769230769 0.234375 0.07451923076923077 0.10817307692307693
7 0.9603365384615384 0.1502403846153846 0.07932692307692307 0.10336538461538461
7 0.9855769230769231 0.19110576923076922 0.028846153846153848 0.10817307692307693
7 0.9627403846153846 0.21514423076923078 0.055288461538461536 0.09134615384615384
7 0.9579326923076923 0.2860576923076923 0.08173076923076923 0.0985576923076923
7 0.8762019230769231 0.6286057692307693 0.12980769230769232 0.25961538461538464
7 0.6045673076923077 0.6742788461538461 0.14903846153846154 0.25
7 0.6646634615384616 0.8846153846153846 0.12740384615384615 0.23076923076923078
7 0.4795673076923077 0.7379807692307693 0.06971153846153846 0.1466346153846154
7 0.578125 0.5625 0.09134615384615384 0.2091346153846154
7 0.5360576923076923 0.5889423076923077 0.0625 0.15384615384615385
7 0.49158653846153844 0.6237980769230769 0.036057692307692304 0.08173076923076923
7 0.2920673076923077 0.8125 0.08173076923076923 0.27163461538461536
7 0.10576923076923077 0.5612980769230769 0.14423076923076922 0.16826923076923078
7 0.06129807692307692 0.6935096153846154 0.06490384615384616 0.18509615384615385
7 0.13701923076923078 0.6514423076923077 0.057692307692307696 0.16826923076923078
7 0.2091346153846154 0.5853365384615384 0.11778846153846154 0.14182692307692307
7 0.23557692307692307 0.6754807692307693 0.07932692307692307 0.20673076923076922
7 0.25961538461538464 0.4735576923076923 0.10096153846153846 0.11298076923076923
7 0.359375 0.46033653846153844 0.16105769230769232 0.11298076923076923
7 0.4723557692307692 0.47716346153846156 0.10336538461538461 0.0985576923076923
7 0.42427884615384615 0.5925480769230769 0.15384615384615385 0.1971153846153846
7 0.32091346153846156 0.5456730769230769 0.13701923076923078 0.13701923076923078
7 0.31850961538461536 0.6334134615384616 0.11057692307692307 0.10336538461538461