7 0.25600961538461536 0.29086538461538464 0.038461538461538464 0.036057692307692304
7 0.33413461538461536 0.29447115384615385 0.02403846153846154 0.040865384615384616
7 0.4519230769230769 0.27163461538461536 0.021634615384615384 0.03125
7 0.4831730769230769 0.3161057692307692 0.038461538461538464 0.028846153846153848
7 0.5973557692307693 0.375 0.028846153846153848 0.04807692307692308
7 0.5925480769230769 0.31490384615384615 0.026442307692307692 0.038461538461538464
7 0.6189903846153846 0.30288461538461536 0.014423076923076924 0.036057692307692304
7 0.6394230769230769 0.296875 0.016826923076923076 0.021634615384615384
7 0.6538461538461539 0.3293269230769231 0.016826923076923076 0.021634615384615384
7 0.6646634615384616 0.3016826923076923 0.014423076923076924 0.03125
7 0.6875 0.31490384615384615 0.019230769230769232 0.03125
7 0.7091346153846154 0.33052884615384615 0.021634615384615384 0.04807692307692308
7 0.6694711538461539 0.33774038461538464 0.026442307692307692 0.036057692307692304
7 0.6887019230769231 0.3329326923076923 0.014423076923076924 0.038461538461538464
7 0.5120192307692307 0.3870192307692308 0.03365384615384615 0.055288461538461536
7 0.40024038461538464 0.38822115384615385 0.040865384615384616 0.038461538461538464
7 0.4110576923076923 0.4206730769230769 0.036057692307692304 0.040865384615384616
7 0.28125 0.5396634615384616 0.052884615384615384 0.05048076923076923
7 0.29927884615384615 0.5625 0.03365384615384615 0.055288461538461536
7 0.3870192307692308 0.5444711538461539 0.03365384615384615 0.040865384615384616
7 0.5649038461538461 0.5709134615384616 0.04326923076923077 0.057692307692307696
7 0.3894230769230769 0.6274038461538461 0.040865384615384616 0.04326923076923077
7 0.42788461538461536 0.6394230769230769 0.028846153846153848 0.04807692307692308
7 0.45913461538461536 0.6286057692307693 0.040865384615384616 0.040865384615384616
7 0.4831730769230769 0.6346153846153846 0.028846153846153848 0.036057692307692304
7 0.5228365384615384 0.6358173076923077 0.055288461538461536 0.038461538461538464
7 0.5144230769230769 0.6826923076923077 0.040865384615384616 0.04326923076923077