7 0.08533653846153846 0.18028846153846154 0.05048076923076923 0.0625
7 0.328125 0.41947115384615385 0.07211538461538461 0.0625
7 0.29927884615384615 0.2764423076923077 0.0673076923076923 0.07211538461538461
7 0.3449519230769231 0.28846153846153844 0.021634615384615384 0.026442307692307692
7 0.3641826923076923 0.28365384615384615 0.02403846153846154 0.028846153846153848
7 0.3894230769230769 0.28365384615384615 0.04807692307692308 0.05048076923076923
7 0.4266826923076923 0.2956730769230769 0.06009615384615385 0.05048076923076923
7 0.46875 0.3137019230769231 0.057692307692307696 0.07692307692307693
7 0.515625 0.35216346153846156 0.04567307692307692 0.05048076923076923
7 0.5637019230769231 0.3737980769230769 0.05048076923076923 0.06490384615384616
7 0.6418269230769231 0.41346153846153844 0.0673076923076923 0.09134615384615384
7 0.7475961538461539 0.46634615384615385 0.08413461538461539 0.11057692307692307