7 0.2536057692307692 0.32091346153846156 0.13701923076923078 0.20673076923076922
7 0.3161057692307692 0.10336538461538461 0.09615384615384616 0.1971153846153846
7 0.36177884615384615 0.2932692307692308 0.16105769230769232 0.11538461538461539
7 0.5588942307692307 0.27884615384615385 0.10576923076923077 0.18028846153846154
7 0.6742788461538461 0.2920673076923077 0.18509615384615385 0.17548076923076922
7 0.46153846153846156 0.36778846153846156 0.15384615384615385 0.10817307692307693
7 0.3737980769230769 0.45552884615384615 0.16346153846153846 0.12740384615384615
7 0.5180288461538461 0.4362980769230769 0.09615384615384616 0.125
7 0.45552884615384615 0.5853365384615384 0.14423076923076922 0.23317307692307693
7 0.6262019230769231 0.5228365384615384 0.11778846153846154 0.2860576923076923
7 0.7331730769230769 0.4891826923076923 0.10336538461538461 0.21875
7 0.5408653846153846 0.7920673076923077 0.12980769230769232 0.19230769230769232
7 0.671875 0.8641826923076923 0.12980769230769232 0.25961538461538464
7 0.7596153846153846 0.8605769230769231 0.1201923076923077 0.27884615384615385
7 0.2536057692307692 0.5588942307692307 0.1466346153846154 0.13221153846153846