7 0.018028846153846152 0.35336538461538464 0.036057692307692304 0.07211538461538461
7 0.13341346153846154 0.23918269230769232 0.03125 0.057692307692307696
7 0.08052884615384616 0.32572115384615385 0.021634615384615384 0.028846153846153848
7 0.09495192307692307 0.36538461538461536 0.03365384615384615 0.04807692307692308
7 0.10096153846153846 0.4098557692307692 0.040865384615384616 0.04807692307692308
7 0.11298076923076923 0.4266826923076923 0.05048076923076923 0.040865384615384616
7 0.13341346153846154 0.39903846153846156 0.028846153846153848 0.04807692307692308
7 0.15264423076923078 0.43509615384615385 0.036057692307692304 0.038461538461538464
7 0.16706730769230768 0.5336538461538461 0.055288461538461536 0.06009615384615385
7 0.234375 0.5528846153846154 0.03365384615384615 0.057692307692307696
7 0.2620192307692308 0.5721153846153846 0.038461538461538464 0.04326923076923077
7 0.328125 0.5564903846153846 0.0625 0.07692307692307693
7 0.4362980769230769 0.5048076923076923 0.05048076923076923 0.0673076923076923
7 0.375 0.5096153846153846 0.036057692307692304 0.06009615384615385
7 0.859375 0.6670673076923077 0.04326923076923077 0.06490384615384616
7 0.9182692307692307 0.7367788461538461 0.04567307692307692 0.07211538461538461
7 0.9194711538461539 0.6862980769230769 0.052884615384615384 0.07692307692307693
7 0.9483173076923077 0.6802884615384616 0.028846153846153848 0.04807692307692308
7 0.9711538461538461 0.6754807692307693 0.036057692307692304 0.06009615384615385
7 0.9747596153846154 0.6514423076923077 0.04807692307692308 0.0673076923076923