7 0.09375 0.21754807692307693 0.038461538461538464 0.055288461538461536
7 0.16826923076923078 0.28365384615384615 0.052884615384615384 0.057692307692307696
7 0.2608173076923077 0.1466346153846154 0.06009615384615385 0.07692307692307693
7 0.33413461538461536 0.16346153846153846 0.06009615384615385 0.09134615384615384
7 0.36658653846153844 0.1346153846153846 0.052884615384615384 0.07211538461538461
7 0.2980769230769231 0.21754807692307693 0.036057692307692304 0.04807692307692308
7 0.2932692307692308 0.296875 0.06490384615384616 0.07692307692307693
7 0.31490384615384615 0.2764423076923077 0.03365384615384615 0.07211538461538461
7 0.3401442307692308 0.2548076923076923 0.02403846153846154 0.04807692307692308
7 0.3401442307692308 0.29086538461538464 0.038461538461538464 0.07211538461538461
7 0.3389423076923077 0.3173076923076923 0.055288461538461536 0.07451923076923077
7 0.3701923076923077 0.37740384615384615 0.07692307692307693 0.06971153846153846
7 0.39903846153846156 0.31490384615384615 0.040865384615384616 0.06009615384615385
7 0.41466346153846156 0.3701923076923077 0.055288461538461536 0.09134615384615384
7 0.40384615384615385 0.421875 0.05048076923076923 0.09615384615384616
7 0.4423076923076923 0.38221153846153844 0.04326923076923077 0.08173076923076923
7 0.4735576923076923 0.38822115384615385 0.036057692307692304 0.06009615384615385
7 0.5072115384615384 0.4098557692307692 0.04567307692307692 0.06490384615384616
7 0.5252403846153846 0.4543269230769231 0.03365384615384615 0.055288461538461536
7 0.5504807692307693 0.39663461538461536 0.05048076923076923 0.06971153846153846
7 0.5817307692307693 0.37259615384615385 0.06490384615384616 0.07451923076923077
7 0.5877403846153846 0.41586538461538464 0.07451923076923077 0.08653846153846154
7 0.5985576923076923 0.45552884615384615 0.03125 0.06009615384615385
7 0.5709134615384616 0.4651442307692308 0.052884615384615384 0.08653846153846154
7 0.6322115384615384 0.4362980769230769 0.038461538461538464 0.06490384615384616
7 0.6538461538461539 0.4326923076923077 0.0673076923076923 0.06009615384615385
7 0.6802884615384616 0.4831730769230769 0.07932692307692307 0.057692307692307696
7 0.6598557692307693 0.5408653846153846 0.07451923076923077 0.0673076923076923
7 0.6959134615384616 0.515625 0.06971153846153846 0.08653846153846154
7 0.7283653846153846 0.5060096153846154 0.06490384615384616 0.07451923076923077
7 0.7560096153846154 0.5024038461538461 0.04807692307692308 0.06490384615384616
7 0.7740384615384616 0.47716346153846156 0.06971153846153846 0.07692307692307693
7 0.8810096153846154 0.5745192307692307 0.0625 0.06490384615384616
7 0.8725961538461539 0.5096153846153846 0.10817307692307693 0.07692307692307693