7 0.11298076923076923 0.5528846153846154 0.0985576923076923 0.09615384615384616
7 0.14903846153846154 0.44350961538461536 0.10817307692307693 0.1466346153846154
7 0.26322115384615385 0.6814903846153846 0.10817307692307693 0.11538461538461539
7 0.3137019230769231 0.6610576923076923 0.08173076923076923 0.08653846153846154
7 0.25841346153846156 0.6225961538461539 0.0889423076923077 0.06971153846153846
7 0.36538461538461536 0.5685096153846154 0.0985576923076923 0.11538461538461539
7 0.43149038461538464 0.5252403846153846 0.07211538461538461 0.057692307692307696
7 0.4855769230769231 0.5372596153846154 0.05048076923076923 0.06009615384615385
7 0.4338942307692308 0.5685096153846154 0.057692307692307696 0.04807692307692308
7 0.48197115384615385 0.6117788461538461 0.09615384615384616 0.09375
7 0.5516826923076923 0.5396634615384616 0.10336538461538461 0.07451923076923077
7 0.6117788461538461 0.5637019230769231 0.11298076923076923 0.08173076923076923
7 0.6610576923076923 0.6201923076923077 0.11057692307692307 0.09134615384615384
7 0.8365384615384616 0.6971153846153846 0.11538461538461539 0.11298076923076923
7 0.8990384615384616 0.4639423076923077 0.10576923076923077 0.08653846153846154
7 0.7283653846153846 0.5240384615384616 0.10336538461538461 0.09134615384615384
7 0.6466346153846154 0.46274038461538464 0.10096153846153846 0.0889423076923077
7 0.6189903846153846 0.3894230769230769 0.0889423076923077 0.08173076923076923
7 0.5889423076923077 0.3485576923076923 0.055288461538461536 0.0625
7 0.5288461538461539 0.36177884615384615 0.10096153846153846 0.11538461538461539
7 0.45913461538461536 0.35336538461538464 0.07451923076923077 0.07451923076923077
7 0.6117788461538461 0.24879807692307693 0.10096153846153846 0.10817307692307693
7 0.6586538461538461 0.27283653846153844 0.07451923076923077 0.057692307692307696
7 0.6802884615384616 0.328125 0.13221153846153846 0.09615384615384616