7 0.33533653846153844 0.5084134615384616 0.055288461538461536 0.040865384615384616
7 0.3918269230769231 0.4807692307692308 0.036057692307692304 0.036057692307692304
7 0.45072115384615385 0.4963942307692308 0.026442307692307692 0.036057692307692304
7 0.46875 0.46875 0.04567307692307692 0.03365384615384615
7 0.4651442307692308 0.43149038461538464 0.038461538461538464 0.04567307692307692
7 0.5024038461538461 0.4098557692307692 0.040865384615384616 0.04807692307692308
7 0.5456730769230769 0.39903846153846156 0.026442307692307692 0.06009615384615385
7 0.578125 0.3629807692307692 0.052884615384615384 0.036057692307692304
7 0.8449519230769231 0.34975961538461536 0.04567307692307692 0.052884615384615384
7 0.8040865384615384 0.36177884615384615 0.040865384615384616 0.038461538461538464
7 0.9314903846153846 0.20552884615384615 0.04567307692307692 0.07211538461538461
7 0.5600961538461539 0.5853365384615384 0.07932692307692307 0.052884615384615384
7 0.4723557692307692 0.6153846153846154 0.03125 0.03365384615384615
7 0.42427884615384615 0.6177884615384616 0.0673076923076923 0.040865384615384616
7 0.3786057692307692 0.6322115384615384 0.057692307692307696 0.03365384615384615
7 0.32572115384615385 0.6430288461538461 0.0673076923076923 0.04326923076923077
7 0.3329326923076923 0.6887019230769231 0.0673076923076923 0.04326923076923077
7 0.3485576923076923 0.7103365384615384 0.026442307692307692 0.04326923076923077
7 0.3798076923076923 0.7103365384615384 0.06009615384615385 0.04807692307692308
7 0.40024038461538464 0.671875 0.06009615384615385 0.04567307692307692
7 0.4543269230769231 0.6574519230769231 0.06009615384615385 0.038461538461538464
7 0.484375 0.6430288461538461 0.06009615384615385 0.052884615384615384