7 0.6862980769230769 0.203125 0.04326923076923077 0.055288461538461536
7 0.5973557692307693 0.3485576923076923 0.06009615384615385 0.06009615384615385
7 0.6502403846153846 0.3473557692307692 0.038461538461538464 0.028846153846153848
7 0.6550480769230769 0.3629807692307692 0.021634615384615384 0.03125
7 0.7271634615384616 0.3317307692307692 0.040865384615384616 0.052884615384615384
7 0.6971153846153846 0.6262019230769231 0.036057692307692304 0.055288461538461536
7 0.7536057692307693 0.7644230769230769 0.052884615384615384 0.057692307692307696
7 0.5204326923076923 0.43149038461538464 0.05048076923076923 0.0673076923076923
7 0.890625 0.6490384615384616 0.05048076923076923 0.04326923076923077
7 0.8870192307692307 0.6225961538461539 0.052884615384615384 0.057692307692307696
7 0.9350961538461539 0.6334134615384616 0.05048076923076923 0.06009615384615385
7 0.9759615384615384 0.7103365384615384 0.04807692307692308 0.06971153846153846