7 0.14783653846153846 0.039663461538461536 0.20432692307692307 0.07932692307692307
7 0.25600961538461536 0.10817307692307693 0.18509615384615385 0.08413461538461539
7 0.5024038461538461 0.11298076923076923 0.18509615384615385 0.11057692307692307
7 0.6754807692307693 0.20552884615384615 0.19230769230769232 0.07932692307692307
7 0.5961538461538461 0.28725961538461536 0.18269230769230768 0.07451923076923077
7 0.578125 0.3641826923076923 0.15144230769230768 0.0889423076923077
7 0.4795673076923077 0.4014423076923077 0.14903846153846154 0.0673076923076923
7 0.22115384615384615 0.4266826923076923 0.1658653846153846 0.11778846153846154
7 0.09975961538461539 0.5228365384615384 0.14903846153846154 0.10336538461538461
7 0.2800480769230769 0.7860576923076923 0.10096153846153846 0.10096153846153846
7 0.1502403846153846 0.8689903846153846 0.2091346153846154 0.11778846153846154
7 0.35216346153846156 0.8798076923076923 0.21634615384615385 0.1201923076923077
7 0.3389423076923077 0.6274038461538461 0.07932692307692307 0.09134615384615384
7 0.30408653846153844 0.5637019230769231 0.18509615384615385 0.10576923076923077
7 0.40865384615384615 0.5456730769230769 0.18269230769230768 0.08653846153846154
7 0.44711538461538464 0.6430288461538461 0.1346153846153846 0.04567307692307692
7 0.546875 0.6899038461538461 0.09375 0.06490384615384616
7 0.6117788461538461 0.7115384615384616 0.14423076923076922 0.06009615384615385
7 0.5805288461538461 0.5084134615384616 0.19230769230769232 0.08413461538461539
7 0.5504807692307693 0.6057692307692307 0.11778846153846154 0.07932692307692307
7 0.6225961538461539 0.65625 0.11298076923076923 0.06009615384615385