7 0.1310096153846154 0.5372596153846154 0.10817307692307693 0.0985576923076923
7 0.24759615384615385 0.5360576923076923 0.07211538461538461 0.0985576923076923
7 0.3858173076923077 0.5492788461538461 0.0673076923076923 0.08173076923076923
7 0.46153846153846156 0.5637019230769231 0.06009615384615385 0.1201923076923077
7 0.6117788461538461 0.546875 0.07211538461538461 0.10096153846153846
7 0.6658653846153846 0.5961538461538461 0.06009615384615385 0.0985576923076923
7 0.703125 0.5600961538461539 0.11538461538461539 0.11778846153846154
7 0.8125 0.6033653846153846 0.10096153846153846 0.0985576923076923
7 0.8737980769230769 0.6105769230769231 0.0625 0.0889423076923077
7 0.8774038461538461 0.5360576923076923 0.09615384615384616 0.08173076923076923
7 0.8425480769230769 0.4855769230769231 0.09375 0.07932692307692307
7 0.9615384615384616 0.5168269230769231 0.07692307692307693 0.0673076923076923