7 0.15625 0.018028846153846152 0.08653846153846154 0.036057692307692304
7 0.20192307692307693 0.07692307692307693 0.11057692307692307 0.10336538461538461
7 0.25600961538461536 0.03365384615384615 0.06971153846153846 0.0673076923076923
7 0.30528846153846156 0.0625 0.07692307692307693 0.125
7 0.4182692307692308 0.042067307692307696 0.12980769230769232 0.08413461538461539
7 0.6538461538461539 0.04927884615384615 0.125 0.07451923076923077
7 0.7403846153846154 0.0889423076923077 0.08173076923076923 0.09615384615384616
7 0.8052884615384616 0.07932692307692307 0.06009615384615385 0.07451923076923077
7 0.8942307692307693 0.10336538461538461 0.07932692307692307 0.0889423076923077
7 0.9483173076923077 0.09495192307692307 0.10336538461538461 0.10817307692307693
7 0.8461538461538461 0.17548076923076922 0.12740384615384615 0.12980769230769232
7 0.6442307692307693 0.19471153846153846 0.11778846153846154 0.1466346153846154
7 0.39302884615384615 0.17908653846153846 0.1346153846153846 0.10096153846153846
7 0.43990384615384615 0.2776442307692308 0.125 0.07211538461538461
7 0.5036057692307693 0.328125 0.13942307692307693 0.12980769230769232
7 0.5096153846153846 0.25721153846153844 0.0985576923076923 0.10096153846153846
7 0.7536057692307693 0.33653846153846156 0.12980769230769232 0.09615384615384616
7 0.6478365384615384 0.47115384615384615 0.08173076923076923 0.1346153846153846
7 0.5685096153846154 0.44711538461538464 0.057692307692307696 0.10096153846153846
7 0.49399038461538464 0.47475961538461536 0.0625 0.10336538461538461
7 0.40625 0.46274038461538464 0.1201923076923077 0.21153846153846154
7 0.22355769230769232 0.3870192307692308 0.08653846153846154 0.13942307692307693
7 0.03365384615384615 0.43149038461538464 0.0673076923076923 0.17548076923076922
7 0.12259615384615384 0.5144230769230769 0.14903846153846154 0.10096153846153846
7 0.015625 0.5661057692307693 0.03125 0.09375
7 0.09615384615384616 0.7019230769230769 0.14903846153846154 0.15384615384615385
7 0.24879807692307693 0.5973557692307693 0.12259615384615384 0.1466346153846154
7 0.2848557692307692 0.6466346153846154 0.057692307692307696 0.08413461538461539
7 0.39783653846153844 0.6983173076923077 0.06009615384615385 0.17548076923076922
7 0.4387019230769231 0.6923076923076923 0.06009615384615385 0.13701923076923078
7 0.5132211538461539 0.5504807692307693 0.11298076923076923 0.10576923076923077
7 0.5084134615384616 0.7560096153846154 0.11298076923076923 0.1466346153846154
7 0.7644230769230769 0.5216346153846154 0.15384615384615385 0.1658653846153846
7 0.8185096153846154 0.5829326923076923 0.1466346153846154 0.1201923076923077
7 0.9086538461538461 0.640625 0.0985576923076923 0.08653846153846154
7 0.7596153846153846 0.6826923076923077 0.12980769230769232 0.125
7 0.7391826923076923 0.8269230769230769 0.05048076923076923 0.10817307692307693
7 0.8485576923076923 0.8016826923076923 0.06490384615384616 0.09615384615384616
7 0.8233173076923077 0.8762019230769231 0.11538461538461539 0.16105769230769232
7 0.7920673076923077 0.9483173076923077 0.18028846153846154 0.10336538461538461
7 0.9711538461538461 0.5540865384615384 0.057692307692307696 0.15625