7 0.19110576923076922 0.8040865384615384 0.09375 0.08653846153846154
7 0.4495192307692308 0.6862980769230769 0.06490384615384616 0.0673076923076923
7 0.4951923076923077 0.6370192307692307 0.055288461538461536 0.055288461538461536
7 0.6057692307692307 0.5973557692307693 0.03365384615384615 0.06490384615384616
7 0.6838942307692307 0.5853365384615384 0.0625 0.07211538461538461
7 0.7608173076923077 0.4074519230769231 0.06009615384615385 0.038461538461538464
7 0.9483173076923077 0.38461538461538464 0.08173076923076923 0.07692307692307693
7 0.6177884615384616 0.421875 0.05048076923076923 0.04807692307692308
7 0.6201923076923077 0.3858173076923077 0.052884615384615384 0.038461538461538464
7 0.5432692307692307 0.40024038461538464 0.05048076923076923 0.055288461538461536
7 0.36658653846153844 0.4699519230769231 0.038461538461538464 0.0673076923076923
7 0.38100961538461536 0.49278846153846156 0.021634615384615384 0.04567307692307692
7 0.41947115384615385 0.4891826923076923 0.08413461538461539 0.057692307692307696
7 0.41947115384615385 0.4519230769230769 0.04807692307692308 0.06009615384615385
7 0.2512019230769231 0.4230769230769231 0.0625 0.06971153846153846
7 0.2091346153846154 0.36778846153846156 0.052884615384615384 0.07451923076923077
7 0.18990384615384615 0.28966346153846156 0.05048076923076923 0.055288461538461536
7 0.25 0.3701923076923077 0.04807692307692308 0.05048076923076923
7 0.2848557692307692 0.3581730769230769 0.021634615384615384 0.052884615384615384
7 0.3137019230769231 0.34615384615384615 0.026442307692307692 0.040865384615384616
7 0.35096153846153844 0.3173076923076923 0.07692307692307693 0.07451923076923077
7 0.4254807692307692 0.29927884615384615 0.04567307692307692 0.052884615384615384