7 0.125 0.17668269230769232 0.03365384615384615 0.052884615384615384
7 0.19230769230769232 0.2512019230769231 0.04807692307692308 0.052884615384615384
7 0.29927884615384615 0.12259615384615384 0.052884615384615384 0.07451923076923077
7 0.3701923076923077 0.14783653846153846 0.052884615384615384 0.0889423076923077
7 0.4050480769230769 0.12259615384615384 0.04567307692307692 0.0673076923076923
7 0.3293269230769231 0.1971153846153846 0.03365384615384615 0.04567307692307692
7 0.31490384615384615 0.2764423076923077 0.057692307692307696 0.07211538461538461
7 0.3389423076923077 0.25841346153846156 0.026442307692307692 0.07211538461538461
7 0.36658653846153844 0.23918269230769232 0.021634615384615384 0.04807692307692308
7 0.3629807692307692 0.27524038461538464 0.03125 0.06971153846153846
7 0.3581730769230769 0.3016826923076923 0.04807692307692308 0.06971153846153846
7 0.38461538461538464 0.3641826923076923 0.07211538461538461 0.0625
7 0.41947115384615385 0.30528846153846156 0.036057692307692304 0.057692307692307696
7 0.42908653846153844 0.36177884615384615 0.04567307692307692 0.0889423076923077
7 0.41225961538461536 0.41225961538461536 0.040865384615384616 0.09375
7 0.45552884615384615 0.37740384615384615 0.036057692307692304 0.07932692307692307
7 0.4855769230769231 0.3858173076923077 0.03125 0.057692307692307696
7 0.5168269230769231 0.4110576923076923 0.038461538461538464 0.0625
7 0.5300480769230769 0.4579326923076923 0.028846153846153848 0.052884615384615384
7 0.5612980769230769 0.4026442307692308 0.04326923076923077 0.06490384615384616
7 0.5949519230769231 0.38221153846153844 0.057692307692307696 0.06971153846153846
7 0.5961538461538461 0.4254807692307692 0.0673076923076923 0.08173076923076923
7 0.6033653846153846 0.4651442307692308 0.026442307692307692 0.06009615384615385
7 0.5733173076923077 0.4735576923076923 0.04567307692307692 0.08413461538461539
7 0.6382211538461539 0.45072115384615385 0.03125 0.0625
7 0.6598557692307693 0.4483173076923077 0.0625 0.055288461538461536
7 0.6814903846153846 0.5024038461538461 0.07692307692307693 0.052884615384615384
7 0.6550480769230769 0.5576923076923077 0.06971153846153846 0.06009615384615385
7 0.6935096153846154 0.5360576923076923 0.0625 0.08173076923076923
7 0.7271634615384616 0.5300480769230769 0.057692307692307696 0.06971153846153846
7 0.7548076923076923 0.5300480769230769 0.04326923076923077 0.06009615384615385
7 0.7740384615384616 0.5060096153846154 0.0625 0.07211538461538461
7 0.8701923076923077 0.6129807692307693 0.057692307692307696 0.06009615384615385
7 0.8701923076923077 0.5480769230769231 0.10336538461538461 0.0673076923076923