7 0.1141826923076923 0.5600961538461539 0.0985576923076923 0.09615384615384616
7 0.14783653846153846 0.4495192307692308 0.11057692307692307 0.1466346153846154
7 0.2668269230769231 0.6850961538461539 0.10817307692307693 0.11778846153846154
7 0.3161057692307692 0.6646634615384616 0.08413461538461539 0.08653846153846154
7 0.2608173076923077 0.6262019230769231 0.0889423076923077 0.07211538461538461
7 0.36658653846153844 0.5709134615384616 0.0985576923076923 0.11778846153846154
7 0.4326923076923077 0.5264423076923077 0.07211538461538461 0.057692307692307696
7 0.48677884615384615 0.5372596153846154 0.05048076923076923 0.0625
7 0.43509615384615385 0.5697115384615384 0.057692307692307696 0.04807692307692308
7 0.4831730769230769 0.6117788461538461 0.0985576923076923 0.09375
7 0.5528846153846154 0.5396634615384616 0.10576923076923077 0.07692307692307693
7 0.6129807692307693 0.5612980769230769 0.11538461538461539 0.08413461538461539
7 0.6634615384615384 0.6177884615384616 0.11057692307692307 0.09134615384615384
7 0.8401442307692307 0.6911057692307693 0.11778846153846154 0.11298076923076923
7 0.8990384615384616 0.4579326923076923 0.10576923076923077 0.0889423076923077
7 0.7283653846153846 0.5192307692307693 0.10576923076923077 0.09375
7 0.6454326923076923 0.46033653846153844 0.10336538461538461 0.09134615384615384
7 0.6177884615384616 0.38822115384615385 0.0889423076923077 0.08413461538461539
7 0.5865384615384616 0.3473557692307692 0.055288461538461536 0.0625
7 0.5264423076923077 0.3605769230769231 0.10096153846153846 0.11538461538461539
7 0.45552884615384615 0.35336538461538464 0.07451923076923077 0.07692307692307693
7 0.6069711538461539 0.24639423076923078 0.10336538461538461 0.10817307692307693
7 0.6550480769230769 0.2704326923076923 0.07451923076923077 0.057692307692307696
7 0.6766826923076923 0.3245192307692308 0.1346153846153846 0.0985576923076923