7 0.14903846153846154 0.46634615384615385 0.10096153846153846 0.13701923076923078
7 0.13822115384615385 0.5865384615384616 0.08653846153846154 0.08653846153846154
7 0.19831730769230768 0.6550480769230769 0.1346153846153846 0.1466346153846154
7 0.25240384615384615 0.5625 0.04807692307692308 0.07932692307692307
7 0.3269230769230769 0.47115384615384615 0.10096153846153846 0.13701923076923078
7 0.34134615384615385 0.37740384615384615 0.08173076923076923 0.10336538461538461
7 0.37740384615384615 0.22716346153846154 0.07692307692307693 0.11057692307692307
7 0.5528846153846154 0.09735576923076923 0.0625 0.10096153846153846
7 0.5408653846153846 0.17307692307692307 0.07451923076923077 0.11057692307692307
7 0.43028846153846156 0.5084134615384616 0.11778846153846154 0.12740384615384615
7 0.5925480769230769 0.42427884615384615 0.10817307692307693 0.1971153846153846
7 0.5432692307692307 0.6021634615384616 0.08173076923076923 0.07451923076923077
7 0.5661057692307693 0.6274038461538461 0.10336538461538461 0.10817307692307693
7 0.5144230769230769 0.7067307692307693 0.0985576923076923 0.07451923076923077
7 0.6682692307692307 0.44350961538461536 0.07451923076923077 0.13221153846153846
7 0.7175480769230769 0.45072115384615385 0.09375 0.14423076923076922
7 0.8329326923076923 0.3737980769230769 0.0889423076923077 0.1466346153846154
7 0.5637019230769231 0.8149038461538461 0.08173076923076923 0.16105769230769232
7 0.6454326923076923 0.7235576923076923 0.0985576923076923 0.06009615384615385
7 0.6875 0.6045673076923077 0.07451923076923077 0.10817307692307693
7 0.7512019230769231 0.7536057692307693 0.14903846153846154 0.18028846153846154
7 0.7211538461538461 0.8882211538461539 0.10576923076923077 0.12259615384615384
7 0.7620192307692307 0.9158653846153846 0.0673076923076923 0.10096153846153846