7 0.45072115384615385 0.6165865384615384 0.055288461538461536 0.07692307692307693
7 0.484375 0.6081730769230769 0.04567307692307692 0.04326923076923077
7 0.49278846153846156 0.578125 0.04807692307692308 0.05048076923076923
7 0.5228365384615384 0.5817307692307693 0.021634615384615384 0.04567307692307692
7 0.5588942307692307 0.6069711538461539 0.055288461538461536 0.052884615384615384
7 0.5456730769230769 0.5697115384615384 0.04567307692307692 0.038461538461538464
7 0.5552884615384616 0.5516826923076923 0.040865384615384616 0.04326923076923077
7 0.5300480769230769 0.625 0.04807692307692308 0.07451923076923077
7 0.5925480769230769 0.5805288461538461 0.04326923076923077 0.04326923076923077
7 0.6213942307692307 0.6021634615384616 0.04807692307692308 0.06490384615384616
7 0.6514423076923077 0.5889423076923077 0.04807692307692308 0.040865384615384616
7 0.6634615384615384 0.6262019230769231 0.0673076923076923 0.0625
7 0.6454326923076923 0.6658653846153846 0.057692307692307696 0.0673076923076923
7 0.6610576923076923 0.7115384615384616 0.04807692307692308 0.07692307692307693