7 0.15865384615384615 0.5817307692307693 0.14182692307692307 0.15625
7 0.2608173076923077 0.6081730769230769 0.11538461538461539 0.14423076923076922
7 0.33533653846153844 0.5360576923076923 0.0889423076923077 0.09615384615384616
7 0.33774038461538464 0.24759615384615385 0.17307692307692307 0.11538461538461539
7 0.34975961538461536 0.30288461538461536 0.057692307692307696 0.1466346153846154
7 0.4266826923076923 0.30649038461538464 0.1466346153846154 0.11778846153846154
7 0.4326923076923077 0.4651442307692308 0.15865384615384615 0.15384615384615385
7 0.5540865384615384 0.3918269230769231 0.12740384615384615 0.16105769230769232
7 0.5264423076923077 0.47475961538461536 0.1466346153846154 0.09375
7 0.5985576923076923 0.5300480769230769 0.10336538461538461 0.125
7 0.5492788461538461 0.6394230769230769 0.19471153846153846 0.18269230769230768
7 0.5036057692307693 0.5673076923076923 0.10096153846153846 0.09615384615384616
7 0.6971153846153846 0.5637019230769231 0.09134615384615384 0.125
7 0.7127403846153846 0.6838942307692307 0.07211538461538461 0.14182692307692307
7 0.7367788461538461 0.4050480769230769 0.12980769230769232 0.125
7 0.8052884615384616 0.36899038461538464 0.1346153846153846 0.0985576923076923
7 0.8509615384615384 0.4519230769230769 0.16346153846153846 0.1346153846153846
7 0.9278846153846154 0.5108173076923077 0.12259615384615384 0.16105769230769232
7 0.9110576923076923 0.5973557692307693 0.1466346153846154 0.19230769230769232