7 0.0985576923076923 0.5552884615384616 0.13701923076923078 0.16105769230769232
7 0.11658653846153846 0.35096153846153844 0.10817307692307693 0.15384615384615385
7 0.4338942307692308 0.3894230769230769 0.13942307692307693 0.13221153846153846
7 0.36538461538461536 0.5901442307692307 0.1466346153846154 0.11057692307692307
7 0.4254807692307692 0.6923076923076923 0.16105769230769232 0.14423076923076922
7 0.45552884615384615 0.06129807692307692 0.07211538461538461 0.1201923076923077
7 0.5372596153846154 0.078125 0.07932692307692307 0.09615384615384616
7 0.5372596153846154 0.17548076923076922 0.0889423076923077 0.13701923076923078
7 0.5793269230769231 0.14423076923076922 0.04326923076923077 0.07932692307692307
7 0.65625 0.09615384615384616 0.08653846153846154 0.08653846153846154
7 0.6189903846153846 0.19831730769230768 0.07211538461538461 0.11057692307692307
7 0.5829326923076923 0.04927884615384615 0.04567307692307692 0.06490384615384616
7 0.6802884615384616 0.30288461538461536 0.10096153846153846 0.10817307692307693
7 0.5973557692307693 0.3269230769230769 0.10096153846153846 0.09615384615384616
7 0.6057692307692307 0.40024038461538464 0.11057692307692307 0.08173076923076923
7 0.5600961538461539 0.4543269230769231 0.14423076923076922 0.07451923076923077
7 0.5480769230769231 0.4987980769230769 0.10817307692307693 0.08653846153846154
7 0.515625 0.5600961538461539 0.07692307692307693 0.11298076923076923
7 0.8233173076923077 0.28846153846153844 0.08413461538461539 0.08653846153846154