7 0.1466346153846154 0.5600961538461539 0.10096153846153846 0.11538461538461539
7 0.22115384615384615 0.5829326923076923 0.06490384615384616 0.07451923076923077
7 0.2692307692307692 0.5516826923076923 0.07211538461538461 0.07932692307692307
7 0.3629807692307692 0.49399038461538464 0.0985576923076923 0.08653846153846154
7 0.421875 0.5324519230769231 0.0889423076923077 0.08413461538461539
7 0.3545673076923077 0.5829326923076923 0.06971153846153846 0.07211538461538461
7 0.42788461538461536 0.6322115384615384 0.0985576923076923 0.0889423076923077
7 0.5024038461538461 0.49399038461538464 0.05048076923076923 0.06490384615384616
7 0.5372596153846154 0.45072115384615385 0.06971153846153846 0.07932692307692307
7 0.5949519230769231 0.42908653846153844 0.07692307692307693 0.055288461538461536
7 0.6021634615384616 0.49038461538461536 0.06009615384615385 0.07211538461538461
7 0.6862980769230769 0.4675480769230769 0.09134615384615384 0.08173076923076923
7 0.7415865384615384 0.39302884615384615 0.09134615384615384 0.08173076923076923