7 0.27283653846153844 0.5600961538461539 0.04807692307692308 0.06971153846153846
7 0.29927884615384615 0.5829326923076923 0.021634615384615384 0.038461538461538464
7 0.3076923076923077 0.5588942307692307 0.03365384615384615 0.04567307692307692
7 0.33653846153846156 0.5841346153846154 0.040865384615384616 0.04807692307692308
7 0.3389423076923077 0.6334134615384616 0.03125 0.052884615384615384
7 0.3076923076923077 0.6274038461538461 0.057692307692307696 0.06490384615384616
7 0.30649038461538464 0.6766826923076923 0.02403846153846154 0.0625
7 0.3293269230769231 0.6935096153846154 0.040865384615384616 0.055288461538461536
7 0.3737980769230769 0.6177884615384616 0.028846153846153848 0.052884615384615384
7 0.39903846153846156 0.625 0.026442307692307692 0.04567307692307692
7 0.40384615384615385 0.5913461538461539 0.026442307692307692 0.040865384615384616
7 0.42427884615384615 0.6225961538461539 0.038461538461538464 0.038461538461538464
7 0.4423076923076923 0.6754807692307693 0.0625 0.06490384615384616
7 0.4495192307692308 0.6538461538461539 0.028846153846153848 0.03365384615384615
7 0.47716346153846156 0.6670673076923077 0.04807692307692308 0.04807692307692308
7 0.45072115384615385 0.5612980769230769 0.04326923076923077 0.052884615384615384
7 0.4362980769230769 0.5805288461538461 0.038461538461538464 0.04567307692307692
7 0.5108173076923077 0.546875 0.040865384615384616 0.06009615384615385
7 0.5925480769230769 0.6057692307692307 0.03365384615384615 0.057692307692307696
7 0.6766826923076923 0.6658653846153846 0.04567307692307692 0.06490384615384616
7 0.7103365384615384 0.6237980769230769 0.04807692307692308 0.052884615384615384
7 0.7716346153846154 0.6766826923076923 0.0625 0.06971153846153846
7 0.7704326923076923 0.6334134615384616 0.016826923076923076 0.036057692307692304
7 0.7872596153846154 0.6370192307692307 0.038461538461538464 0.04326923076923077
7 0.828125 0.6394230769230769 0.021634615384615384 0.04567307692307692
7 0.8377403846153846 0.6081730769230769 0.021634615384615384 0.03125
7 0.8641826923076923 0.6310096153846154 0.04567307692307692 0.052884615384615384
7 0.8930288461538461 0.5733173076923077 0.06009615384615385 0.07692307692307693