7 0.11177884615384616 0.19951923076923078 0.08413461538461539 0.10096153846153846
7 0.07572115384615384 0.2704326923076923 0.10336538461538461 0.08653846153846154
7 0.35216346153846156 0.20793269230769232 0.07211538461538461 0.07451923076923077
7 0.5949519230769231 0.27163461538461536 0.03365384615384615 0.07211538461538461
7 0.6550480769230769 0.2620192307692308 0.10096153846153846 0.1201923076923077
7 0.13701923076923078 0.4026442307692308 0.07692307692307693 0.1201923076923077
7 0.21033653846153846 0.4098557692307692 0.09615384615384616 0.10096153846153846
7 0.2692307692307692 0.4519230769230769 0.10576923076923077 0.07211538461538461
7 0.3762019230769231 0.39663461538461536 0.10817307692307693 0.11538461538461539
7 0.32211538461538464 0.40865384615384615 0.05048076923076923 0.07451923076923077
7 0.30528846153846156 0.5829326923076923 0.11057692307692307 0.11057692307692307
7 0.7211538461538461 0.6802884615384616 0.1201923076923077 0.10336538461538461
7 0.8353365384615384 0.6514423076923077 0.09134615384615384 0.08653846153846154
7 0.8209134615384616 0.7307692307692307 0.11057692307692307 0.12740384615384615
7 0.8990384615384616 0.71875 0.09134615384615384 0.10336538461538461