7 0.33533653846153844 0.5024038461538461 0.052884615384615384 0.038461538461538464
7 0.39302884615384615 0.47716346153846156 0.03365384615384615 0.036057692307692304
7 0.45072115384615385 0.4951923076923077 0.02403846153846154 0.036057692307692304
7 0.4699519230769231 0.4675480769230769 0.04567307692307692 0.03125
7 0.4675480769230769 0.43028846153846156 0.036057692307692304 0.04326923076923077
7 0.5060096153846154 0.4098557692307692 0.038461538461538464 0.04567307692307692
7 0.5492788461538461 0.40024038461538464 0.02403846153846154 0.06009615384615385
7 0.5829326923076923 0.36538461538461536 0.052884615384615384 0.03365384615384615
7 0.8497596153846154 0.36177884615384615 0.04326923076923077 0.05048076923076923
7 0.8088942307692307 0.37259615384615385 0.038461538461538464 0.036057692307692304
7 0.9411057692307693 0.22115384615384615 0.04326923076923077 0.06971153846153846
7 0.5564903846153846 0.5877403846153846 0.07692307692307693 0.05048076923076923
7 0.46875 0.6141826923076923 0.03125 0.03365384615384615
7 0.4206730769230769 0.6153846153846154 0.06490384615384616 0.038461538461538464
7 0.3737980769230769 0.6274038461538461 0.057692307692307696 0.03125
7 0.32091346153846156 0.6370192307692307 0.06490384615384616 0.040865384615384616
7 0.3269230769230769 0.6826923076923077 0.06490384615384616 0.040865384615384616
7 0.34134615384615385 0.7043269230769231 0.02403846153846154 0.04326923076923077
7 0.37259615384615385 0.7055288461538461 0.057692307692307696 0.04567307692307692
7 0.3942307692307692 0.6682692307692307 0.057692307692307696 0.04326923076923077
7 0.4483173076923077 0.65625 0.057692307692307696 0.036057692307692304
7 0.4795673076923077 0.6418269230769231 0.057692307692307696 0.05048076923076923