7 0.4266826923076923 0.6033653846153846 0.04807692307692308 0.07211538461538461
7 0.46153846153846156 0.6021634615384616 0.04326923076923077 0.040865384615384616
7 0.47716346153846156 0.5745192307692307 0.04326923076923077 0.04807692307692308
7 0.5048076923076923 0.5841346153846154 0.016826923076923076 0.04326923076923077
7 0.5348557692307693 0.6177884615384616 0.05048076923076923 0.04807692307692308
7 0.53125 0.5769230769230769 0.04326923076923077 0.036057692307692304
7 0.5432692307692307 0.5625 0.038461538461538464 0.040865384615384616
7 0.5024038461538461 0.6286057692307693 0.040865384615384616 0.07211538461538461
7 0.5745192307692307 0.5973557692307693 0.040865384615384616 0.040865384615384616
7 0.5973557692307693 0.625 0.040865384615384616 0.0625
7 0.6298076923076923 0.6189903846153846 0.04567307692307692 0.036057692307692304
7 0.6334134615384616 0.6574519230769231 0.0625 0.055288461538461536
7 0.6081730769230769 0.6923076923076923 0.05048076923076923 0.0625
7 0.6141826923076923 0.7403846153846154 0.04326923076923077 0.07451923076923077