7 0.34975961538461536 0.5649038461538461 0.036057692307692304 0.052884615384615384
7 0.4423076923076923 0.6117788461538461 0.026442307692307692 0.03125
7 0.4567307692307692 0.6466346153846154 0.026442307692307692 0.057692307692307696
7 0.4651442307692308 0.5564903846153846 0.026442307692307692 0.03365384615384615
7 0.5360576923076923 0.578125 0.04567307692307692 0.05048076923076923
7 0.5432692307692307 0.6009615384615384 0.026442307692307692 0.026442307692307692
7 0.5336538461538461 0.6322115384615384 0.040865384615384616 0.04807692307692308
7 0.5420673076923077 0.65625 0.040865384615384616 0.05048076923076923
7 0.5264423076923077 0.6742788461538461 0.04567307692307692 0.0625
7 0.5060096153846154 0.6887019230769231 0.03365384615384615 0.04807692307692308
7 0.5709134615384616 0.6814903846153846 0.05048076923076923 0.07211538461538461
7 0.5793269230769231 0.6358173076923077 0.04807692307692308 0.0673076923076923
7 0.6177884615384616 0.6598557692307693 0.03125 0.07211538461538461
7 0.7487980769230769 0.6346153846153846 0.038461538461538464 0.06490384615384616
7 0.84375 0.6911057692307693 0.0625 0.07211538461538461