7 0.04567307692307692 0.21153846153846154 0.04807692307692308 0.07211538461538461
7 0.0733173076923077 0.1466346153846154 0.052884615384615384 0.06009615384615385
7 0.11057692307692307 0.11538461538461539 0.057692307692307696 0.04326923076923077
7 0.22115384615384615 0.11298076923076923 0.05048076923076923 0.09615384615384616
7 0.1814903846153846 0.12860576923076922 0.021634615384615384 0.04807692307692308
7 0.13341346153846154 0.20072115384615385 0.0673076923076923 0.0673076923076923
7 0.18028846153846154 0.24759615384615385 0.03125 0.0625
7 0.2247596153846154 0.24759615384615385 0.05048076923076923 0.0673076923076923
7 0.26802884615384615 0.23677884615384615 0.04567307692307692 0.05048076923076923
7 0.21033653846153846 0.34975961538461536 0.04807692307692308 0.03365384615384615
7 0.21514423076923078 0.30528846153846156 0.036057692307692304 0.04807692307692308
7 0.2704326923076923 0.30528846153846156 0.028846153846153848 0.052884615384615384
7 0.24278846153846154 0.3269230769230769 0.021634615384615384 0.07451923076923077
7 0.30408653846153844 0.28365384615384615 0.0625 0.04807692307692308
7 0.3245192307692308 0.2512019230769231 0.028846153846153848 0.04326923076923077
7 0.33774038461538464 0.20432692307692307 0.0673076923076923 0.052884615384615384
7 0.3870192307692308 0.16346153846153846 0.06490384615384616 0.07211538461538461
7 0.41225961538461536 0.22235576923076922 0.055288461538461536 0.04567307692307692
7 0.38341346153846156 0.25 0.038461538461538464 0.06009615384615385
7 0.4326923076923077 0.2956730769230769 0.02403846153846154 0.038461538461538464
7 0.40384615384615385 0.3786057692307692 0.057692307692307696 0.0673076923076923
7 0.49399038461538464 0.2920673076923077 0.03365384615384615 0.06490384615384616
7 0.5084134615384616 0.24158653846153846 0.052884615384615384 0.055288461538461536
7 0.49278846153846156 0.3798076923076923 0.036057692307692304 0.06490384615384616
7 0.6959134615384616 0.2608173076923077 0.05048076923076923 0.06490384615384616
7 0.6478365384615384 0.27524038461538464 0.021634615384615384 0.04807692307692308
7 0.6310096153846154 0.3629807692307692 0.04326923076923077 0.08173076923076923
7 0.5973557692307693 0.375 0.038461538461538464 0.036057692307692304
7 0.6021634615384616 0.4326923076923077 0.04326923076923077 0.0625