7 0.11658653846153846 0.32091346153846156 0.040865384615384616 0.055288461538461536
7 0.15144230769230768 0.2860576923076923 0.03125 0.05048076923076923
7 0.234375 0.3161057692307692 0.040865384615384616 0.04807692307692308
7 0.36778846153846156 0.25240384615384615 0.02403846153846154 0.040865384615384616
7 0.3329326923076923 0.2764423076923077 0.040865384615384616 0.04326923076923077
7 0.2932692307692308 0.3245192307692308 0.028846153846153848 0.0625
7 0.27524038461538464 0.3112980769230769 0.02403846153846154 0.03125
7 0.34975961538461536 0.34975961538461536 0.05048076923076923 0.04326923076923077
7 0.484375 0.3762019230769231 0.026442307692307692 0.038461538461538464
7 0.5144230769230769 0.3701923076923077 0.03125 0.03125
7 0.5300480769230769 0.40024038461538464 0.052884615384615384 0.04326923076923077
7 0.5709134615384616 0.3605769230769231 0.04326923076923077 0.04807692307692308
7 0.5564903846153846 0.31850961538461536 0.057692307692307696 0.040865384615384616
7 0.6105769230769231 0.2920673076923077 0.0625 0.055288461538461536
7 0.625 0.32572115384615385 0.036057692307692304 0.036057692307692304
7 0.7271634615384616 0.2932692307692308 0.026442307692307692 0.040865384615384616
7 0.875 0.2668269230769231 0.04807692307692308 0.04807692307692308
7 0.8497596153846154 0.41586538461538464 0.03125 0.07692307692307693
7 0.7896634615384616 0.4362980769230769 0.036057692307692304 0.052884615384615384
7 0.7560096153846154 0.47716346153846156 0.03365384615384615 0.05048076923076923
7 0.7704326923076923 0.5348557692307693 0.06009615384615385 0.05048076923076923
7 0.6935096153846154 0.6586538461538461 0.0673076923076923 0.08653846153846154
7 0.34615384615384615 0.625 0.05048076923076923 0.06971153846153846