7 0.09615384615384616 0.21754807692307693 0.10336538461538461 0.18269230769230768
7 0.41466346153846156 0.1658653846153846 0.08653846153846154 0.15384615384615385
7 0.5516826923076923 0.13221153846153846 0.08653846153846154 0.125
7 0.5913461538461539 0.24639423076923078 0.09134615384615384 0.12740384615384615
7 0.6310096153846154 0.17307692307692307 0.04326923076923077 0.08173076923076923
7 0.6610576923076923 0.13341346153846154 0.055288461538461536 0.08413461538461539
7 0.7175480769230769 0.15985576923076922 0.0673076923076923 0.07692307692307693
7 0.6526442307692307 0.21033653846153846 0.1201923076923077 0.0985576923076923
7 0.7271634615384616 0.2860576923076923 0.10817307692307693 0.12980769230769232
7 0.8221153846153846 0.23317307692307693 0.12740384615384615 0.11057692307692307
7 0.8581730769230769 0.17427884615384615 0.0625 0.10096153846153846
7 0.9074519230769231 0.0829326923076923 0.08413461538461539 0.09615384615384616
7 0.9579326923076923 0.11538461538461539 0.07211538461538461 0.0985576923076923
7 0.9122596153846154 0.1466346153846154 0.04567307692307692 0.08653846153846154
7 0.9194711538461539 0.21754807692307693 0.07211538461538461 0.09134615384615384
7 0.8918269230769231 0.5673076923076923 0.10096153846153846 0.25
7 0.6298076923076923 0.65625 0.12259615384615384 0.23798076923076922
7 0.7247596153846154 0.8665865384615384 0.0985576923076923 0.24519230769230768
7 0.5168269230769231 0.7379807692307693 0.052884615384615384 0.14182692307692307
7 0.5877403846153846 0.5492788461538461 0.0673076923076923 0.20192307692307693
7 0.5492788461538461 0.5817307692307693 0.04567307692307692 0.14903846153846154
7 0.5108173076923077 0.6237980769230769 0.028846153846153848 0.07932692307692307
7 0.34375 0.8413461538461539 0.05048076923076923 0.2668269230769231
7 0.1201923076923077 0.6225961538461539 0.12740384615384615 0.15384615384615385
7 0.09735576923076923 0.7596153846153846 0.04326923076923077 0.18028846153846154
7 0.1658653846153846 0.7067307692307693 0.038461538461538464 0.1658653846153846
7 0.22596153846153846 0.6298076923076923 0.10336538461538461 0.13221153846153846
7 0.265625 0.7139423076923077 0.055288461538461536 0.20192307692307693
7 0.25841346153846156 0.5120192307692307 0.09134615384615384 0.10336538461538461
7 0.3557692307692308 0.4831730769230769 0.15144230769230768 0.09615384615384616
7 0.4699519230769231 0.4807692307692308 0.09375 0.0889423076923077
7 0.4387019230769231 0.6033653846153846 0.13221153846153846 0.18269230769230768
7 0.33052884615384615 0.5721153846153846 0.12259615384615384 0.125
7 0.34134615384615385 0.6598557692307693 0.10096153846153846 0.09375