7 0.10216346153846154 0.2620192307692308 0.07211538461538461 0.0625
7 0.16466346153846154 0.3245192307692308 0.09615384615384616 0.10336538461538461
7 0.1935096153846154 0.2776442307692308 0.09375 0.10576923076923077
7 0.2548076923076923 0.2860576923076923 0.10336538461538461 0.11298076923076923
7 0.23798076923076922 0.3713942307692308 0.06009615384615385 0.11538461538461539
7 0.2608173076923077 0.4543269230769231 0.07692307692307693 0.09615384615384616
7 0.30528846153846156 0.38221153846153844 0.09615384615384616 0.09375
7 0.33413461538461536 0.3713942307692308 0.10576923076923077 0.10336538461538461
7 0.33413461538461536 0.3245192307692308 0.0673076923076923 0.07451923076923077
7 0.3425480769230769 0.4795673076923077 0.09375 0.15865384615384615
7 0.4230769230769231 0.4254807692307692 0.10336538461538461 0.14423076923076922
7 0.47716346153846156 0.49158653846153844 0.12259615384615384 0.16105769230769232
7 0.5372596153846154 0.4963942307692308 0.12259615384615384 0.15865384615384615
7 0.5925480769230769 0.45072115384615385 0.11538461538461539 0.16346153846153846
7 0.6742788461538461 0.46033653846153844 0.10336538461538461 0.11057692307692307
7 0.6622596153846154 0.5721153846153846 0.15144230769230768 0.21153846153846154
7 0.7584134615384616 0.5396634615384616 0.10817307692307693 0.12980769230769232
7 0.8269230769230769 0.4855769230769231 0.0889423076923077 0.12740384615384615
7 0.9014423076923077 0.5769230769230769 0.13942307692307693 0.15865384615384615