7 0.18509615384615385 0.43028846153846156 0.125 0.12259615384615384
7 0.11538461538461539 0.5168269230769231 0.06490384615384616 0.0985576923076923
7 0.2403846153846154 0.6634615384615384 0.10096153846153846 0.10336538461538461
7 0.30408653846153844 0.6358173076923077 0.07692307692307693 0.040865384615384616
7 0.25600961538461536 0.6165865384615384 0.07211538461538461 0.07211538461538461
7 0.36899038461538464 0.5673076923076923 0.07211538461538461 0.13942307692307693
7 0.421875 0.5132211538461539 0.07692307692307693 0.08413461538461539
7 0.46153846153846156 0.6045673076923077 0.10576923076923077 0.07692307692307693
7 0.48197115384615385 0.5360576923076923 0.07211538461538461 0.06009615384615385
7 0.5528846153846154 0.5456730769230769 0.0889423076923077 0.07692307692307693
7 0.6105769230769231 0.5661057692307693 0.10817307692307693 0.0889423076923077
7 0.6634615384615384 0.6298076923076923 0.11057692307692307 0.11298076923076923
7 0.8173076923076923 0.7163461538461539 0.07692307692307693 0.11778846153846154
7 0.9206730769230769 0.5 0.08413461538461539 0.11057692307692307
7 0.7283653846153846 0.5300480769230769 0.09134615384615384 0.09615384615384616
7 0.6454326923076923 0.4579326923076923 0.10817307692307693 0.0889423076923077
7 0.640625 0.41346153846153844 0.0889423076923077 0.10096153846153846
7 0.5300480769230769 0.3545673076923077 0.06490384615384616 0.10336538461538461
7 0.47716346153846156 0.3557692307692308 0.06971153846153846 0.0889423076923077
7 0.625 0.2536057692307692 0.07692307692307693 0.08653846153846154
7 0.6911057692307693 0.27163461538461536 0.09134615384615384 0.0625
7 0.6971153846153846 0.31971153846153844 0.1201923076923077 0.0985576923076923
7 0.5913461538461539 0.359375 0.055288461538461536 0.0985576923076923