7 0.14903846153846154 0.5925480769230769 0.09615384615384616 0.10817307692307693
7 0.27283653846153844 0.6021634615384616 0.07692307692307693 0.09375
7 0.3245192307692308 0.5685096153846154 0.0625 0.09375
7 0.40625 0.5600961538461539 0.04567307692307692 0.08653846153846154
7 0.43990384615384615 0.5721153846153846 0.026442307692307692 0.06009615384615385
7 0.46033653846153844 0.5528846153846154 0.0625 0.08413461538461539
7 0.4543269230769231 0.4807692307692308 0.055288461538461536 0.10096153846153846
7 0.5564903846153846 0.5336538461538461 0.055288461538461536 0.09134615384615384
7 0.20432692307692307 0.75 0.07932692307692307 0.15144230769230768
7 0.3798076923076923 0.7367788461538461 0.07932692307692307 0.1466346153846154
7 0.44350961538461536 0.703125 0.10336538461538461 0.10096153846153846
7 0.6802884615384616 0.78125 0.0673076923076923 0.13701923076923078
7 0.7163461538461539 0.7692307692307693 0.05048076923076923 0.15865384615384615
7 0.859375 0.7764423076923077 0.13221153846153846 0.15625
7 0.7584134615384616 0.7307692307692307 0.040865384615384616 0.12980769230769232