7 0.03485576923076923 0.34975961538461536 0.06009615384615385 0.09134615384615384
7 0.18990384615384615 0.1875 0.04326923076923077 0.09134615384615384
7 0.13942307692307693 0.2956730769230769 0.04807692307692308 0.07451923076923077
7 0.15745192307692307 0.3605769230769231 0.04326923076923077 0.055288461538461536
7 0.171875 0.4206730769230769 0.057692307692307696 0.07932692307692307
7 0.20072115384615385 0.4387019230769231 0.0673076923076923 0.09375
7 0.24639423076923078 0.42427884615384615 0.040865384615384616 0.0673076923076923
7 0.2704326923076923 0.46033653846153844 0.06009615384615385 0.0889423076923077
7 0.3233173076923077 0.6057692307692307 0.06009615384615385 0.10817307692307693
7 0.4026442307692308 0.6141826923076923 0.052884615384615384 0.08173076923076923
7 0.3798076923076923 0.6177884615384616 0.03365384615384615 0.04807692307692308
7 0.4495192307692308 0.6322115384615384 0.040865384615384616 0.07451923076923077
7 0.5516826923076923 0.6322115384615384 0.07932692307692307 0.1201923076923077
7 0.5961538461538461 0.5516826923076923 0.04326923076923077 0.09134615384615384
7 0.6911057692307693 0.5588942307692307 0.06971153846153846 0.11298076923076923
7 0.7932692307692307 0.4254807692307692 0.0625 0.0985576923076923