7 0.04326923076923077 0.33413461538461536 0.04807692307692308 0.05048076923076923
7 0.09134615384615384 0.3329326923076923 0.04326923076923077 0.06971153846153846
7 0.12740384615384615 0.30649038461538464 0.03365384615384615 0.055288461538461536
7 0.14182692307692307 0.39302884615384615 0.06490384615384616 0.08413461538461539
7 0.18990384615384615 0.3269230769230769 0.0673076923076923 0.052884615384615384
7 0.23317307692307693 0.3401442307692308 0.07692307692307693 0.09615384615384616
7 0.26802884615384615 0.2848557692307692 0.06971153846153846 0.06971153846153846
7 0.3798076923076923 0.3737980769230769 0.028846153846153848 0.03365384615384615
7 0.43028846153846156 0.375 0.07211538461538461 0.0673076923076923
7 0.36658653846153844 0.421875 0.0673076923076923 0.06490384615384616
7 0.33052884615384615 0.5120192307692307 0.08173076923076923 0.09134615384615384
7 0.38100961538461536 0.5456730769230769 0.028846153846153848 0.052884615384615384
7 0.6394230769230769 0.5144230769230769 0.04326923076923077 0.04807692307692308
7 0.5997596153846154 0.5036057692307693 0.055288461538461536 0.07451923076923077
7 0.6370192307692307 0.4483173076923077 0.08173076923076923 0.055288461538461536
7 0.6298076923076923 0.4735576923076923 0.03125 0.036057692307692304
7 0.7067307692307693 0.5288461538461539 0.06971153846153846 0.08173076923076923
7 0.6875 0.515625 0.06009615384615385 0.055288461538461536
7 0.6983173076923077 0.4795673076923077 0.05048076923076923 0.0625
7 0.7560096153846154 0.47716346153846156 0.07692307692307693 0.08653846153846154
7 0.8317307692307693 0.46875 0.09375 0.08173076923076923