7 0.140625 0.5949519230769231 0.11538461538461539 0.10576923076923077
7 0.25600961538461536 0.5745192307692307 0.08173076923076923 0.10336538461538461
7 0.3942307692307692 0.5661057692307693 0.07451923076923077 0.08653846153846154
7 0.4723557692307692 0.5685096153846154 0.06971153846153846 0.12259615384615384
7 0.6177884615384616 0.5288461538461539 0.08173076923076923 0.10576923076923077
7 0.6790865384615384 0.5685096153846154 0.06971153846153846 0.10336538461538461
7 0.7103365384615384 0.5276442307692307 0.12259615384615384 0.125
7 0.8245192307692307 0.5528846153846154 0.11057692307692307 0.10817307692307693
7 0.8870192307692307 0.5504807692307693 0.06971153846153846 0.09375
7 0.8786057692307693 0.47596153846153844 0.10336538461538461 0.09134615384615384
7 0.8353365384615384 0.4326923076923077 0.10096153846153846 0.08653846153846154
7 0.9591346153846154 0.44471153846153844 0.08173076923076923 0.07451923076923077