7 0.18990384615384615 0.3269230769230769 0.1466346153846154 0.12740384615384615
7 0.12139423076923077 0.3942307692307692 0.10817307692307693 0.13221153846153846
7 0.1971153846153846 0.5961538461538461 0.10576923076923077 0.1201923076923077
7 0.265625 0.6021634615384616 0.06971153846153846 0.11057692307692307
7 0.22716346153846154 0.5396634615384616 0.08173076923076923 0.08413461538461539
7 0.3449519230769231 0.5228365384615384 0.11298076923076923 0.13701923076923078
7 0.4074519230769231 0.49399038461538464 0.07692307692307693 0.08413461538461539
7 0.4362980769230769 0.5997596153846154 0.09134615384615384 0.10576923076923077
7 0.47115384615384615 0.5396634615384616 0.07451923076923077 0.08653846153846154
7 0.5276442307692307 0.5697115384615384 0.10336538461538461 0.09615384615384616
7 0.5721153846153846 0.6189903846153846 0.11538461538461539 0.09375
7 0.6141826923076923 0.6814903846153846 0.10576923076923077 0.11298076923076923
7 0.7536057692307693 0.8112980769230769 0.11538461538461539 0.10096153846153846
7 0.6947115384615384 0.6117788461538461 0.13221153846153846 0.11298076923076923
7 0.9122596153846154 0.6105769230769231 0.125 0.10817307692307693
7 0.6514423076923077 0.5144230769230769 0.12740384615384615 0.09615384615384616
7 0.640625 0.45072115384615385 0.09375 0.08653846153846154
7 0.6286057692307693 0.3918269230769231 0.055288461538461536 0.0625
7 0.5721153846153846 0.3737980769230769 0.07692307692307693 0.11298076923076923
7 0.5108173076923077 0.35096153846153844 0.08173076923076923 0.09375
7 0.6730769230769231 0.3016826923076923 0.09375 0.07932692307692307
7 0.7415865384615384 0.3942307692307692 0.1201923076923077 0.10336538461538461