7 0.20072115384615385 0.3557692307692308 0.04807692307692308 0.06490384615384616
7 0.08413461538461539 0.44591346153846156 0.04567307692307692 0.06490384615384616
7 0.38822115384615385 0.3605769230769231 0.04326923076923077 0.0625
7 0.41346153846153844 0.4579326923076923 0.04807692307692308 0.0625
7 0.4423076923076923 0.4110576923076923 0.03365384615384615 0.05048076923076923
7 0.4807692307692308 0.39783653846153844 0.021634615384615384 0.028846153846153848
7 0.48197115384615385 0.36778846153846156 0.03125 0.040865384615384616
7 0.4735576923076923 0.35216346153846156 0.019230769230769232 0.028846153846153848
7 0.49278846153846156 0.32211538461538464 0.038461538461538464 0.055288461538461536
7 0.4026442307692308 0.21514423076923078 0.05048076923076923 0.057692307692307696
7 0.6177884615384616 0.14783653846153846 0.04567307692307692 0.0625
7 0.5877403846153846 0.17427884615384615 0.028846153846153848 0.038461538461538464
7 0.5324519230769231 0.37259615384615385 0.0625 0.07211538461538461
7 0.5192307692307693 0.3942307692307692 0.03365384615384615 0.04567307692307692
7 0.49399038461538464 0.421875 0.036057692307692304 0.05048076923076923
7 0.5612980769230769 0.4855769230769231 0.05048076923076923 0.06009615384615385
7 0.5600961538461539 0.44350961538461536 0.040865384615384616 0.057692307692307696
7 0.5384615384615384 0.4326923076923077 0.040865384615384616 0.040865384615384616
7 0.6021634615384616 0.421875 0.03365384615384615 0.06009615384615385
7 0.6442307692307693 0.3389423076923077 0.07211538461538461 0.07211538461538461
7 0.7067307692307693 0.46033653846153844 0.06490384615384616 0.06009615384615385
7 0.6862980769230769 0.6442307692307693 0.07692307692307693 0.08413461538461539
7 0.7560096153846154 0.5360576923076923 0.036057692307692304 0.04807692307692308
7 0.8004807692307693 0.5865384615384616 0.057692307692307696 0.07692307692307693
7 0.8413461538461539 0.5865384615384616 0.036057692307692304 0.055288461538461536
7 0.8605769230769231 0.5625 0.038461538461538464 0.04807692307692308
7 0.9483173076923077 0.5180288461538461 0.055288461538461536 0.06971153846153846
7 0.8473557692307693 0.6322115384615384 0.06971153846153846 0.07932692307692307