7 0.2824519230769231 0.6502403846153846 0.28125 0.31971153846153844
7 0.18990384615384615 0.4014423076923077 0.13942307692307693 0.15625
7 0.28966346153846156 0.46033653846153844 0.06490384615384616 0.06490384615384616
7 0.3557692307692308 0.45913461538461536 0.0673076923076923 0.08173076923076923
7 0.41586538461538464 0.41947115384615385 0.06971153846153846 0.09375
7 0.4723557692307692 0.44591346153846156 0.05048076923076923 0.07932692307692307
7 0.5300480769230769 0.47596153846153844 0.0673076923076923 0.07451923076923077
7 0.5925480769230769 0.5024038461538461 0.07932692307692307 0.09615384615384616
7 0.6971153846153846 0.53125 0.08173076923076923 0.10817307692307693
7 0.4987980769230769 0.3858173076923077 0.016826923076923076 0.019230769230769232
7 0.5396634615384616 0.4026442307692308 0.009615384615384616 0.016826923076923076
7 0.5492788461538461 0.4098557692307692 0.009615384615384616 0.014423076923076924
7 0.5552884615384616 0.40625 0.009615384615384616 0.01201923076923077
7 0.5625 0.41346153846153844 0.009615384615384616 0.016826923076923076
7 0.5685096153846154 0.41225961538461536 0.014423076923076924 0.02403846153846154
7 0.5793269230769231 0.41466346153846156 0.016826923076923076 0.021634615384615384
7 0.5805288461538461 0.4230769230769231 0.014423076923076924 0.016826923076923076
7 0.5889423076923077 0.421875 0.016826923076923076 0.026442307692307692
7 0.5985576923076923 0.4230769230769231 0.016826923076923076 0.021634615384615384
7 0.6057692307692307 0.4254807692307692 0.009615384615384616 0.019230769230769232
7 0.6117788461538461 0.43149038461538464 0.009615384615384616 0.01201923076923077