7 0.14783653846153846 0.5757211538461539 0.08173076923076923 0.14903846153846154
7 0.5576923076923077 0.4423076923076923 0.10336538461538461 0.11778846153846154
7 0.4375 0.5456730769230769 0.10096153846153846 0.08173076923076923
7 0.4735576923076923 0.6310096153846154 0.11057692307692307 0.11057692307692307
7 0.578125 0.6129807692307693 0.0985576923076923 0.15144230769230768
7 0.6189903846153846 0.5588942307692307 0.06009615384615385 0.11057692307692307
7 0.6814903846153846 0.5036057692307693 0.09134615384615384 0.1201923076923077
7 0.8112980769230769 0.46033653846153844 0.14903846153846154 0.12980769230769232
7 0.7127403846153846 0.6274038461538461 0.07451923076923077 0.10336538461538461
7 0.7572115384615384 0.5793269230769231 0.0673076923076923 0.11778846153846154
7 0.8161057692307693 0.6442307692307693 0.11298076923076923 0.1466346153846154
7 0.7079326923076923 0.24158653846153846 0.009615384615384616 0.016826923076923076