7 0.28846153846153844 0.3786057692307692 0.08413461538461539 0.07692307692307693
7 0.21754807692307693 0.47716346153846156 0.07692307692307693 0.09615384615384616
7 0.19471153846153846 0.5865384615384616 0.09615384615384616 0.07451923076923077
7 0.265625 0.5829326923076923 0.0625 0.04807692307692308
7 0.265625 0.6298076923076923 0.09375 0.07211538461538461
7 0.19230769230769232 0.7439903846153846 0.0889423076923077 0.10576923076923077
7 0.2800480769230769 0.7151442307692307 0.12259615384615384 0.10817307692307693
7 0.41225961538461536 0.6310096153846154 0.09615384615384616 0.11057692307692307
7 0.36658653846153844 0.6598557692307693 0.05048076923076923 0.06009615384615385
7 0.6213942307692307 0.5024038461538461 0.08653846153846154 0.10336538461538461
7 0.7860576923076923 0.46634615384615385 0.0889423076923077 0.0889423076923077
7 0.8473557692307693 0.45552884615384615 0.040865384615384616 0.04567307692307692
7 0.8918269230769231 0.4074519230769231 0.10817307692307693 0.07932692307692307