7 0.28365384615384615 0.2620192307692308 0.04326923076923077 0.040865384615384616
7 0.3605769230769231 0.2764423076923077 0.028846153846153848 0.04326923076923077
7 0.4807692307692308 0.2668269230769231 0.02403846153846154 0.03125
7 0.5060096153846154 0.3161057692307692 0.040865384615384616 0.03365384615384615
7 0.6129807692307693 0.3870192307692308 0.03365384615384615 0.05048076923076923
7 0.6141826923076923 0.328125 0.03125 0.040865384615384616
7 0.6418269230769231 0.31850961538461536 0.019230769230769232 0.038461538461538464
7 0.6634615384615384 0.3161057692307692 0.019230769230769232 0.02403846153846154
7 0.6730769230769231 0.3485576923076923 0.019230769230769232 0.02403846153846154
7 0.6875 0.3233173076923077 0.019230769230769232 0.03365384615384615
7 0.7091346153846154 0.3389423076923077 0.021634615384615384 0.03125
7 0.7283653846153846 0.35697115384615385 0.026442307692307692 0.04807692307692308
7 0.6887019230769231 0.359375 0.03125 0.038461538461538464
7 0.7067307692307693 0.35697115384615385 0.019230769230769232 0.040865384615384616
7 0.5264423076923077 0.38822115384615385 0.038461538461538464 0.057692307692307696
7 0.41466346153846156 0.37740384615384615 0.04567307692307692 0.04326923076923077
7 0.421875 0.4110576923076923 0.040865384615384616 0.04567307692307692
7 0.27884615384615385 0.5132211538461539 0.057692307692307696 0.055288461538461536
7 0.2932692307692308 0.5372596153846154 0.038461538461538464 0.057692307692307696
7 0.38341346153846156 0.5300480769230769 0.038461538461538464 0.04326923076923077
7 0.5552884615384616 0.578125 0.04807692307692308 0.0625
7 0.375 0.6129807692307693 0.04567307692307692 0.04807692307692308
7 0.4110576923076923 0.6298076923076923 0.03365384615384615 0.05048076923076923
7 0.44350961538461536 0.6225961538461539 0.04567307692307692 0.04567307692307692
7 0.4675480769230769 0.6322115384615384 0.03365384615384615 0.038461538461538464
7 0.5060096153846154 0.6382211538461539 0.057692307692307696 0.04326923076923077
7 0.49158653846153844 0.6826923076923077 0.04567307692307692 0.04807692307692308