7 0.30288461538461536 0.4951923076923077 0.07211538461538461 0.09134615384615384
7 0.3762019230769231 0.41225961538461536 0.021634615384615384 0.057692307692307696
7 0.41586538461538464 0.41586538461538464 0.0673076923076923 0.07932692307692307
7 0.5036057692307693 0.40384615384615385 0.06971153846153846 0.12740384615384615
7 0.5600961538461539 0.43149038461538464 0.08413461538461539 0.11057692307692307
7 0.6009615384615384 0.47596153846153844 0.09375 0.08653846153846154
7 0.5348557692307693 0.5324519230769231 0.10576923076923077 0.1201923076923077
7 0.48677884615384615 0.5372596153846154 0.06971153846153846 0.13221153846153846
7 0.3269230769230769 0.7331730769230769 0.14182692307692307 0.12980769230769232
7 0.27283653846153844 0.6418269230769231 0.12980769230769232 0.10096153846153846
7 0.6105769230769231 0.7283653846153846 0.08653846153846154 0.15865384615384615