7 0.21394230769230768 0.47716346153846156 0.12740384615384615 0.1201923076923077
7 0.3112980769230769 0.21634615384615385 0.13701923076923078 0.12259615384615384
7 0.41586538461538464 0.359375 0.10096153846153846 0.09615384615384616
7 0.33052884615384615 0.4579326923076923 0.08413461538461539 0.11778846153846154
7 0.41225961538461536 0.5228365384615384 0.12259615384615384 0.09615384615384616
7 0.3449519230769231 0.6514423076923077 0.10576923076923077 0.1346153846153846
7 0.2283653846153846 0.8016826923076923 0.11778846153846154 0.18028846153846154
7 0.3545673076923077 0.8221153846153846 0.10576923076923077 0.14903846153846154
7 0.45913461538461536 0.7704326923076923 0.11057692307692307 0.08653846153846154
7 0.5528846153846154 0.49038461538461536 0.12740384615384615 0.15384615384615385
7 0.5961538461538461 0.3737980769230769 0.09615384615384616 0.08653846153846154
7 0.7295673076923077 0.36658653846153844 0.10817307692307693 0.10817307692307693
7 0.875 0.4411057692307692 0.10817307692307693 0.15144230769230768