7 0.24639423076923078 0.6117788461538461 0.0673076923076923 0.06490384615384616
7 0.3125 0.5769230769230769 0.05048076923076923 0.055288461538461536
7 0.24639423076923078 0.44711538461538464 0.040865384615384616 0.038461538461538464
7 0.2920673076923077 0.44711538461538464 0.036057692307692304 0.04567307692307692
7 0.3088942307692308 0.4651442307692308 0.021634615384615384 0.026442307692307692
7 0.32572115384615385 0.4543269230769231 0.019230769230769232 0.021634615384615384
7 0.3449519230769231 0.46634615384615385 0.036057692307692304 0.03365384615384615
7 0.4014423076923077 0.49278846153846156 0.036057692307692304 0.036057692307692304
7 0.33533653846153844 0.4338942307692308 0.036057692307692304 0.03125
7 0.3557692307692308 0.4495192307692308 0.03125 0.028846153846153848
7 0.38100961538461536 0.44591346153846156 0.026442307692307692 0.028846153846153848
7 0.39302884615384615 0.45913461538461536 0.03365384615384615 0.026442307692307692
7 0.4014423076923077 0.43990384615384615 0.02403846153846154 0.026442307692307692
7 0.43990384615384615 0.4639423076923077 0.04326923076923077 0.03365384615384615
7 0.4651442307692308 0.4891826923076923 0.02403846153846154 0.02403846153846154
7 0.5144230769230769 0.4831730769230769 0.021634615384615384 0.021634615384615384
7 0.4519230769230769 0.4206730769230769 0.021634615384615384 0.028846153846153848
7 0.5024038461538461 0.4074519230769231 0.02403846153846154 0.026442307692307692
7 0.5144230769230769 0.4170673076923077 0.02403846153846154 0.02403846153846154
7 0.5180288461538461 0.42908653846153844 0.016826923076923076 0.02403846153846154
7 0.5396634615384616 0.43028846153846156 0.021634615384615384 0.021634615384615384
7 0.5564903846153846 0.4230769230769231 0.016826923076923076 0.016826923076923076
7 0.5637019230769231 0.4387019230769231 0.026442307692307692 0.02403846153846154
7 0.5793269230769231 0.4326923076923077 0.02403846153846154 0.014423076923076924
7 0.5480769230769231 0.4423076923076923 0.009615384615384616 0.01201923076923077
7 0.5540865384615384 0.4639423076923077 0.021634615384615384 0.021634615384615384
7 0.6790865384615384 0.46153846153846156 0.016826923076923076 0.016826923076923076
7 0.6862980769230769 0.4675480769230769 0.014423076923076924 0.016826923076923076
7 0.6887019230769231 0.47475961538461536 0.009615384615384616 0.014423076923076924
7 0.6995192307692307 0.4699519230769231 0.019230769230769232 0.01201923076923077
7 0.6983173076923077 0.48197115384615385 0.014423076923076924 0.016826923076923076
7 0.7560096153846154 0.49278846153846156 0.016826923076923076 0.016826923076923076
7 0.7908653846153846 0.49278846153846156 0.014423076923076924 0.02403846153846154
7 0.8413461538461539 0.5060096153846154 0.009615384615384616 0.014423076923076924
7 0.8485576923076923 0.515625 0.009615384615384616 0.014423076923076924
7 0.8557692307692307 0.5060096153846154 0.016826923076923076 0.021634615384615384
7 0.9242788461538461 0.5324519230769231 0.019230769230769232 0.021634615384615384
7 0.9603365384615384 0.5600961538461539 0.026442307692307692 0.026442307692307692