7 0.4411057692307692 0.7884615384615384 0.23798076923076922 0.19951923076923078
7 0.6370192307692307 0.6959134615384616 0.17307692307692307 0.18028846153846154
7 0.8161057692307693 0.7512019230769231 0.27163461538461536 0.27884615384615385
7 0.7223557692307693 0.5600961538461539 0.15625 0.14903846153846154
7 0.6189903846153846 0.5276442307692307 0.125 0.11778846153846154
7 0.7079326923076923 0.49399038461538464 0.11057692307692307 0.0889423076923077
7 0.49278846153846156 0.6153846153846154 0.18990384615384615 0.15144230769230768
7 0.4014423076923077 0.5396634615384616 0.13942307692307693 0.12740384615384615
7 0.2920673076923077 0.5300480769230769 0.14903846153846154 0.12259615384615384
7 0.3713942307692308 0.47475961538461536 0.06971153846153846 0.07932692307692307
7 0.42788461538461536 0.4735576923076923 0.12740384615384615 0.0889423076923077
7 0.5 0.5300480769230769 0.13221153846153846 0.11538461538461539
7 0.5673076923076923 0.4651442307692308 0.10336538461538461 0.10576923076923077
7 0.6141826923076923 0.4423076923076923 0.10576923076923077 0.09134615384615384
7 0.5228365384615384 0.42908653846153844 0.08653846153846154 0.09134615384615384
7 0.46274038461538464 0.39663461538461536 0.05048076923076923 0.06490384615384616
7 0.421875 0.41466346153846156 0.07451923076923077 0.07692307692307693
7 0.5 0.38100961538461536 0.05048076923076923 0.0625
7 0.41586538461538464 0.3641826923076923 0.06971153846153846 0.05048076923076923
7 0.4423076923076923 0.34134615384615385 0.07211538461538461 0.07211538461538461
7 0.4699519230769231 0.3137019230769231 0.04807692307692308 0.05048076923076923