7 0.19110576923076922 0.2247596153846154 0.22115384615384615 0.21153846153846154
7 0.296875 0.3016826923076923 0.11057692307692307 0.0889423076923077
7 0.2704326923076923 0.39302884615384615 0.10817307692307693 0.13701923076923078
7 0.21514423076923078 0.36538461538461536 0.19471153846153846 0.1658653846153846
7 0.18509615384615385 0.5084134615384616 0.21153846153846154 0.2764423076923077
7 0.24639423076923078 0.6899038461538461 0.15865384615384615 0.15625
7 0.328125 0.5901442307692307 0.1971153846153846 0.23317307692307693
7 0.4387019230769231 0.6057692307692307 0.14182692307692307 0.15865384615384615
7 0.40024038461538464 0.4639423076923077 0.20673076923076922 0.18509615384615385
7 0.38822115384615385 0.3713942307692308 0.16826923076923078 0.16826923076923078
7 0.5769230769230769 0.5 0.21875 0.18990384615384615
7 0.5480769230769231 0.6189903846153846 0.14903846153846154 0.13942307692307693
7 0.6935096153846154 0.6875 0.2692307692307692 0.3269230769230769
7 0.8425480769230769 0.6610576923076923 0.21634615384615385 0.25240384615384615
7 0.8737980769230769 0.5516826923076923 0.13221153846153846 0.15865384615384615