7 0.3076923076923077 0.036057692307692304 0.052884615384615384 0.07211538461538461
7 0.27884615384615385 0.24879807692307693 0.057692307692307696 0.14182692307692307
7 0.33413461538461536 0.203125 0.04567307692307692 0.10817307692307693
7 0.35697115384615385 0.2536057692307692 0.06490384615384616 0.0889423076923077
7 0.38100961538461536 0.13221153846153846 0.05048076923076923 0.0673076923076923
7 0.3858173076923077 0.21995192307692307 0.04326923076923077 0.03125
7 0.4519230769230769 0.17427884615384615 0.040865384615384616 0.0673076923076923
7 0.47836538461538464 0.19951923076923078 0.07451923076923077 0.0625
7 0.4206730769230769 0.296875 0.0673076923076923 0.10576923076923077
7 0.4495192307692308 0.2644230769230769 0.0625 0.07211538461538461
7 0.5132211538461539 0.31490384615384615 0.05048076923076923 0.08413461538461539
7 0.5925480769230769 0.36177884615384615 0.055288461538461536 0.11057692307692307
7 0.5252403846153846 0.4206730769230769 0.07211538461538461 0.0985576923076923
7 0.4375 0.47475961538461536 0.0889423076923077 0.10576923076923077
7 0.24519230769230768 0.6105769230769231 0.05048076923076923 0.11298076923076923
7 0.35336538461538464 0.7451923076923077 0.10817307692307693 0.15144230769230768
7 0.6466346153846154 0.7475961538461539 0.11778846153846154 0.125
7 0.5877403846153846 0.6478365384615384 0.10817307692307693 0.125
7 0.6754807692307693 0.6129807692307693 0.0889423076923077 0.11538461538461539
7 0.6766826923076923 0.5288461538461539 0.08173076923076923 0.08653846153846154
7 0.6610576923076923 0.4951923076923077 0.08653846153846154 0.0985576923076923
7 0.5925480769230769 0.4879807692307692 0.06009615384615385 0.10336538461538461
7 0.7211538461538461 0.27283653846153844 0.09375 0.09615384615384616