7 0.04807692307692308 0.5204326923076923 0.09615384615384616 0.18509615384615385
7 0.13221153846153846 0.6105769230769231 0.10336538461538461 0.1875
7 0.2247596153846154 0.32572115384615385 0.10817307692307693 0.23798076923076922
7 0.359375 0.36899038461538464 0.07932692307692307 0.14903846153846154
7 0.31971153846153844 0.5348557692307693 0.06971153846153846 0.1875
7 0.28966346153846156 0.6394230769230769 0.08173076923076923 0.16346153846153846
7 0.41225961538461536 0.4483173076923077 0.12259615384615384 0.1346153846153846
7 0.45913461538461536 0.47836538461538464 0.13701923076923078 0.17307692307692307
7 0.38221153846153844 0.6911057692307693 0.11057692307692307 0.21634615384615385
7 0.44471153846153844 0.6586538461538461 0.10817307692307693 0.12259615384615384
7 0.5192307692307693 0.6117788461538461 0.13701923076923078 0.15384615384615385
7 0.5240384615384616 0.38341346153846156 0.040865384615384616 0.12740384615384615
7 0.5769230769230769 0.34375 0.06490384615384616 0.15625
7 0.6081730769230769 0.42908653846153844 0.15144230769230768 0.18028846153846154
7 0.6790865384615384 0.42788461538461536 0.05048076923076923 0.10817307692307693
7 0.7043269230769231 0.3641826923076923 0.1201923076923077 0.18028846153846154
7 0.6911057692307693 0.12259615384615384 0.10576923076923077 0.10336538461538461
7 0.7259615384615384 0.18629807692307693 0.12740384615384615 0.15384615384615385
7 0.8377403846153846 0.09134615384615384 0.13701923076923078 0.1201923076923077
7 0.6598557692307693 0.546875 0.13701923076923078 0.14423076923076922
7 0.6550480769230769 0.6490384615384616 0.10096153846153846 0.10576923076923077
7 0.6778846153846154 0.7379807692307693 0.14423076923076922 0.20192307692307693
7 0.7620192307692307 0.6105769230769231 0.10817307692307693 0.1466346153846154
7 0.7007211538461539 0.5721153846153846 0.11538461538461539 0.10336538461538461
7 0.8377403846153846 0.5240384615384616 0.125 0.07692307692307693
7 0.8689903846153846 0.6033653846153846 0.125 0.12259615384615384
7 0.8918269230769231 0.45552884615384615 0.125 0.13221153846153846