7 0.25841346153846156 0.1935096153846154 0.1346153846153846 0.1971153846153846
7 0.3125 0.12139423076923077 0.07451923076923077 0.12980769230769232
7 0.2247596153846154 0.33413461538461536 0.11538461538461539 0.14903846153846154
7 0.12980769230769232 0.3293269230769231 0.08653846153846154 0.14903846153846154
7 0.14543269230769232 0.4519230769230769 0.09375 0.17548076923076922
7 0.11057692307692307 0.5528846153846154 0.10336538461538461 0.15865384615384615
7 0.10336538461538461 0.6875 0.15144230769230768 0.1346153846153846
7 0.15985576923076922 0.8473557692307693 0.17307692307692307 0.23557692307692307
7 0.26322115384615385 0.6730769230769231 0.23076923076923078 0.1658653846153846
7 0.27884615384615385 0.8305288461538461 0.1201923076923077 0.25
7 0.4014423076923077 0.7295673076923077 0.11298076923076923 0.16826923076923078
7 0.47596153846153844 0.8689903846153846 0.15384615384615385 0.17548076923076922
7 0.6526442307692307 0.8413461538461539 0.11778846153846154 0.27884615384615385
7 0.640625 0.6129807692307693 0.1201923076923077 0.18269230769230768
7 0.7728365384615384 0.6346153846153846 0.1346153846153846 0.2692307692307692
7 0.71875 0.27524038461538464 0.09134615384615384 0.18028846153846154
7 0.890625 0.2247596153846154 0.18028846153846154 0.27884615384615385
7 0.5432692307692307 0.4519230769230769 0.1875 0.21394230769230768
7 0.4375 0.33052884615384615 0.11778846153846154 0.1778846153846154
7 0.4855769230769231 0.1778846153846154 0.10817307692307693 0.14423076923076922
7 0.5192307692307693 0.2920673076923077 0.10336538461538461 0.125
7 0.5805288461538461 0.21875 0.10096153846153846 0.15384615384615385
7 0.5637019230769231 0.12740384615384615 0.07692307692307693 0.11778846153846154
7 0.5612980769230769 0.056490384615384616 0.12259615384615384 0.11298076923076923