7 0.109375 0.12980769230769232 0.06009615384615385 0.07932692307692307
7 0.14903846153846154 0.07211538461538461 0.0625 0.0673076923076923
7 0.19110576923076922 0.04927884615384615 0.0625 0.052884615384615384
7 0.3004807692307692 0.06610576923076923 0.0673076923076923 0.10096153846153846
7 0.25841346153846156 0.07451923076923077 0.028846153846153848 0.05048076923076923
7 0.19831730769230768 0.13701923076923078 0.07692307692307693 0.07692307692307693
7 0.234375 0.19110576923076922 0.04326923076923077 0.0673076923076923
7 0.2776442307692308 0.19951923076923078 0.0625 0.07451923076923077
7 0.32211538461538464 0.1971153846153846 0.052884615384615384 0.057692307692307696
7 0.24519230769230768 0.296875 0.052884615384615384 0.040865384615384616
7 0.25721153846153844 0.2536057692307692 0.04326923076923077 0.055288461538461536
7 0.3112980769230769 0.265625 0.038461538461538464 0.057692307692307696
7 0.2800480769230769 0.28125 0.036057692307692304 0.07692307692307693
7 0.3485576923076923 0.25 0.06971153846153846 0.057692307692307696
7 0.375 0.22235576923076922 0.036057692307692304 0.04807692307692308
7 0.39783653846153844 0.17908653846153846 0.07451923076923077 0.06490384615384616
7 0.453125 0.14783653846153846 0.07692307692307693 0.08173076923076923
7 0.46634615384615385 0.21153846153846154 0.06009615384615385 0.052884615384615384
7 0.4338942307692308 0.23317307692307693 0.04807692307692308 0.06490384615384616
7 0.4723557692307692 0.2860576923076923 0.028846153846153848 0.04326923076923077
7 0.42908653846153844 0.3629807692307692 0.0673076923076923 0.07451923076923077
7 0.5336538461538461 0.29447115384615385 0.04567307692307692 0.06971153846153846
7 0.5564903846153846 0.24759615384615385 0.06009615384615385 0.0625
7 0.5168269230769231 0.38100961538461536 0.04807692307692308 0.06971153846153846
7 0.7379807692307693 0.3016826923076923 0.06009615384615385 0.07211538461538461
7 0.6875 0.3076923076923077 0.028846153846153848 0.05048076923076923
7 0.6550480769230769 0.390625 0.057692307692307696 0.08653846153846154
7 0.6189903846153846 0.3954326923076923 0.04567307692307692 0.040865384615384616
7 0.6129807692307693 0.453125 0.052884615384615384 0.0673076923076923