7 0.7439903846153846 0.24879807692307693 0.03365384615384615 0.05048076923076923
7 0.6262019230769231 0.37259615384615385 0.05048076923076923 0.05048076923076923
7 0.6790865384615384 0.38221153846153844 0.03365384615384615 0.021634615384615384
7 0.6802884615384616 0.39783653846153844 0.016826923076923076 0.028846153846153848
7 0.7572115384615384 0.38221153846153844 0.03125 0.04807692307692308
7 0.6670673076923077 0.6646634615384616 0.026442307692307692 0.05048076923076923
7 0.6935096153846154 0.8112980769230769 0.04326923076923077 0.05048076923076923
7 0.5336538461538461 0.4375 0.038461538461538464 0.06009615384615385
7 0.8509615384615384 0.7271634615384616 0.04326923076923077 0.036057692307692304
7 0.8533653846153846 0.7007211538461539 0.04326923076923077 0.05048076923076923
7 0.8978365384615384 0.7211538461538461 0.040865384615384616 0.052884615384615384
7 0.9242788461538461 0.8064903846153846 0.040865384615384616 0.0625