7 0.046875 0.21995192307692307 0.05048076923076923 0.06971153846153846
7 0.078125 0.15264423076923078 0.06490384615384616 0.06009615384615385
7 0.1045673076923077 0.1201923076923077 0.052884615384615384 0.052884615384615384
7 0.18028846153846154 0.13581730769230768 0.03125 0.03365384615384615
7 0.2127403846153846 0.12259615384615384 0.05048076923076923 0.07692307692307693
7 0.13221153846153846 0.21153846153846154 0.08173076923076923 0.07932692307692307
7 0.04927884615384615 0.20552884615384615 0.052884615384615384 0.0625
7 0.12379807692307693 0.3112980769230769 0.04567307692307692 0.06490384615384616
7 0.18629807692307693 0.24759615384615385 0.03365384615384615 0.04326923076923077
7 0.22596153846153846 0.24759615384615385 0.04567307692307692 0.07932692307692307
7 0.2668269230769231 0.22956730769230768 0.026442307692307692 0.06009615384615385
7 0.22956730769230768 0.31971153846153844 0.06971153846153846 0.057692307692307696
7 0.21995192307692307 0.35336538461538464 0.0625 0.06971153846153846
7 0.27884615384615385 0.3016826923076923 0.05048076923076923 0.05048076923076923
7 0.3125 0.2644230769230769 0.07211538461538461 0.07692307692307693
7 0.34615384615384615 0.20192307692307693 0.06009615384615385 0.04807692307692308
7 0.39302884615384615 0.14783653846153846 0.06971153846153846 0.07451923076923077
7 0.40865384615384615 0.22115384615384615 0.04807692307692308 0.036057692307692304
7 0.375 0.25240384615384615 0.057692307692307696 0.0625
7 0.5120192307692307 0.2247596153846154 0.055288461538461536 0.040865384615384616
7 0.49759615384615385 0.3004807692307692 0.028846153846153848 0.06971153846153846
7 0.4014423076923077 0.375 0.04567307692307692 0.055288461538461536
7 0.49038461538461536 0.3798076923076923 0.02403846153846154 0.08413461538461539
7 0.4795673076923077 0.3581730769230769 0.026442307692307692 0.06490384615384616
7 0.6141826923076923 0.4362980769230769 0.036057692307692304 0.06490384615384616
7 0.6021634615384616 0.38100961538461536 0.03125 0.0625
7 0.6298076923076923 0.359375 0.038461538461538464 0.0889423076923077
7 0.6382211538461539 0.2800480769230769 0.052884615384615384 0.052884615384615384
7 0.7019230769230769 0.27163461538461536 0.07211538461538461 0.07211538461538461
7 0.8978365384615384 0.3329326923076923 0.0625 0.0673076923076923