7 0.039663461538461536 0.3329326923076923 0.057692307692307696 0.09134615384615384
7 0.20192307692307693 0.17668269230769232 0.040865384615384616 0.09134615384615384
7 0.1466346153846154 0.2824519230769231 0.04807692307692308 0.07211538461538461
7 0.1622596153846154 0.3485576923076923 0.040865384615384616 0.055288461538461536
7 0.17548076923076922 0.4098557692307692 0.055288461538461536 0.07932692307692307
7 0.203125 0.42788461538461536 0.06490384615384616 0.09134615384615384
7 0.25 0.41586538461538464 0.038461538461538464 0.0673076923076923
7 0.27163461538461536 0.4519230769230769 0.057692307692307696 0.0889423076923077
7 0.31971153846153844 0.5997596153846154 0.057692307692307696 0.10576923076923077
7 0.39903846153846156 0.6105769230769231 0.05048076923076923 0.07932692307692307
7 0.3762019230769231 0.6129807692307693 0.03125 0.04567307692307692
7 0.44471153846153844 0.6310096153846154 0.038461538461538464 0.07211538461538461
7 0.546875 0.6346153846153846 0.07692307692307693 0.11778846153846154
7 0.59375 0.5552884615384616 0.040865384615384616 0.0889423076923077
7 0.6887019230769231 0.5661057692307693 0.06490384615384616 0.11298076923076923
7 0.7956730769230769 0.43509615384615385 0.06009615384615385 0.0985576923076923