7 0.27163461538461536 0.18269230769230768 0.06490384615384616 0.07932692307692307
7 0.34975961538461536 0.16826923076923078 0.055288461538461536 0.10817307692307693
7 0.3894230769230769 0.12259615384615384 0.036057692307692304 0.052884615384615384
7 0.41346153846153844 0.15384615384615385 0.038461538461538464 0.038461538461538464
7 0.4387019230769231 0.13221153846153846 0.04326923076923077 0.0625
7 0.5108173076923077 0.10096153846153846 0.028846153846153848 0.07451923076923077
7 0.5769230769230769 0.09735576923076923 0.026442307692307692 0.040865384615384616
7 0.5913461538461539 0.06129807692307692 0.055288461538461536 0.06009615384615385
7 0.265625 0.7355769230769231 0.04807692307692308 0.05048076923076923
7 0.2692307692307692 0.7992788461538461 0.040865384615384616 0.07692307692307693
7 0.3112980769230769 0.8173076923076923 0.040865384615384616 0.07211538461538461
7 0.33413461538461536 0.7824519230769231 0.038461538461538464 0.09375
7 0.37259615384615385 0.8016826923076923 0.040865384615384616 0.0673076923076923
7 0.390625 0.7680288461538461 0.07211538461538461 0.0985576923076923
7 0.7992788461538461 0.7608173076923077 0.052884615384615384 0.07932692307692307
7 0.8689903846153846 0.7740384615384616 0.038461538461538464 0.08653846153846154
7 0.8846153846153846 0.734375 0.03365384615384615 0.07211538461538461
7 0.9338942307692307 0.7644230769230769 0.04567307692307692 0.08413461538461539
7 0.9675480769230769 0.7271634615384616 0.0625 0.10817307692307693