7 0.17067307692307693 0.6850961538461539 0.23076923076923078 0.14903846153846154
7 0.3581730769230769 0.8125 0.25 0.17548076923076922
7 0.4543269230769231 0.6442307692307693 0.19230769230769232 0.11778846153846154
7 0.5697115384615384 0.5769230769230769 0.17548076923076922 0.13221153846153846
7 0.7355769230769231 0.5420673076923077 0.07932692307692307 0.08653846153846154
7 0.8978365384615384 0.5168269230769231 0.08413461538461539 0.07451923076923077
7 0.8269230769230769 0.5372596153846154 0.06971153846153846 0.07932692307692307
7 0.8882211538461539 0.49399038461538464 0.14182692307692307 0.09375
7 0.8461538461538461 0.4567307692307692 0.11057692307692307 0.08173076923076923
7 0.71875 0.7367788461538461 0.17067307692307693 0.1875
7 0.8509615384615384 0.6790865384615384 0.2403846153846154 0.20432692307692307