7 0.3557692307692308 0.13581730769230768 0.07451923076923077 0.08653846153846154
7 0.43509615384615385 0.14182692307692307 0.06971153846153846 0.11298076923076923
7 0.484375 0.10817307692307693 0.04326923076923077 0.055288461538461536
7 0.5 0.14302884615384615 0.04326923076923077 0.04326923076923077
7 0.5288461538461539 0.12860576923076922 0.05048076923076923 0.0673076923076923
7 0.6069711538461539 0.11538461538461539 0.038461538461538464 0.07692307692307693
7 0.671875 0.12860576923076922 0.03125 0.04326923076923077
7 0.6947115384615384 0.09615384615384616 0.0625 0.0673076923076923
7 0.21514423076923078 0.671875 0.052884615384615384 0.055288461538461536
7 0.203125 0.734375 0.05048076923076923 0.07932692307692307
7 0.23918269230769232 0.7620192307692307 0.05048076923076923 0.07692307692307693
7 0.2704326923076923 0.7331730769230769 0.05048076923076923 0.09615384615384616
7 0.30288461538461536 0.7620192307692307 0.05048076923076923 0.07211538461538461
7 0.328125 0.7331730769230769 0.08413461538461539 0.10817307692307693
7 0.7271634615384616 0.8257211538461539 0.0625 0.08413461538461539
7 0.7920673076923077 0.8557692307692307 0.04807692307692308 0.0889423076923077
7 0.8161057692307693 0.8197115384615384 0.040865384615384616 0.07451923076923077
7 0.8569711538461539 0.8617788461538461 0.055288461538461536 0.0889423076923077
7 0.8990384615384616 0.8329326923076923 0.07692307692307693 0.11538461538461539