7 0.2127403846153846 0.5024038461538461 0.1346153846153846 0.12980769230769232
7 0.28725961538461536 0.234375 0.1466346153846154 0.13221153846153846
7 0.40384615384615385 0.36778846153846156 0.10817307692307693 0.10576923076923077
7 0.3269230769230769 0.4723557692307692 0.09375 0.125
7 0.41466346153846156 0.5300480769230769 0.12980769230769232 0.10576923076923077
7 0.359375 0.6634615384615384 0.11538461538461539 0.14423076923076922
7 0.2548076923076923 0.8245192307692307 0.13221153846153846 0.1875
7 0.38341346153846156 0.8341346153846154 0.11778846153846154 0.15865384615384615
7 0.4831730769230769 0.7728365384615384 0.11778846153846154 0.09375
7 0.5516826923076923 0.48677884615384615 0.13942307692307693 0.16346153846153846
7 0.5853365384615384 0.36658653846153844 0.10336538461538461 0.09375
7 0.7175480769230769 0.3473557692307692 0.11778846153846154 0.11538461538461539
7 0.8689903846153846 0.40865384615384615 0.1201923076923077 0.16105769230769232