7 0.2403846153846154 0.23798076923076922 0.13221153846153846 0.15144230769230768
7 0.15504807692307693 0.34375 0.15865384615384615 0.15865384615384615
7 0.11899038461538461 0.2764423076923077 0.07932692307692307 0.11778846153846154
7 0.09975961538461539 0.47475961538461536 0.15625 0.13942307692307693
7 0.026442307692307692 0.6274038461538461 0.052884615384615384 0.14423076923076922
7 0.109375 0.6526442307692307 0.0985576923076923 0.16346153846153846
7 0.26802884615384615 0.3942307692307692 0.11778846153846154 0.14182692307692307
7 0.1875 0.6286057692307693 0.0889423076923077 0.14182692307692307
7 0.25841346153846156 0.6081730769230769 0.08653846153846154 0.17548076923076922
7 0.3858173076923077 0.45072115384615385 0.10817307692307693 0.13221153846153846
7 0.4254807692307692 0.47716346153846156 0.09615384615384616 0.09134615384615384
7 0.5576923076923077 0.3269230769230769 0.09375 0.14903846153846154
7 0.7584134615384616 0.39903846153846156 0.09615384615384616 0.0985576923076923
7 0.8269230769230769 0.4675480769230769 0.08653846153846154 0.1658653846153846
7 0.8822115384615384 0.484375 0.09615384615384616 0.125
7 0.9519230769230769 0.4795673076923077 0.09615384615384616 0.11778846153846154
7 0.9146634615384616 0.39663461538461536 0.1201923076923077 0.1466346153846154
7 0.5252403846153846 0.6009615384615384 0.07692307692307693 0.125
7 0.5877403846153846 0.6923076923076923 0.10336538461538461 0.15144230769230768
7 0.47475961538461536 0.7151442307692307 0.10096153846153846 0.10096153846153846
7 0.4387019230769231 0.7776442307692307 0.11778846153846154 0.1346153846153846
7 0.7692307692307693 0.8521634615384616 0.0985576923076923 0.20192307692307693
7 0.859375 0.9134615384615384 0.09375 0.17307692307692307