7 0.0985576923076923 0.21995192307692307 0.05048076923076923 0.08653846153846154
7 0.2956730769230769 0.11057692307692307 0.03365384615384615 0.09134615384615384
7 0.21514423076923078 0.19831730769230768 0.040865384615384616 0.06971153846153846
7 0.2127403846153846 0.265625 0.038461538461538464 0.052884615384615384
7 0.21033653846153846 0.328125 0.05048076923076923 0.07451923076923077
7 0.23197115384615385 0.35336538461538464 0.057692307692307696 0.0889423076923077
7 0.2800480769230769 0.3545673076923077 0.03365384615384615 0.06490384615384616
7 0.2920673076923077 0.3954326923076923 0.05048076923076923 0.08413461538461539
7 0.3004807692307692 0.5504807692307693 0.05048076923076923 0.10336538461538461
7 0.3737980769230769 0.5805288461538461 0.04567307692307692 0.07692307692307693
7 0.35096153846153844 0.5769230769230769 0.028846153846153848 0.04567307692307692
7 0.41346153846153844 0.6117788461538461 0.03125 0.07211538461538461
7 0.5108173076923077 0.6418269230769231 0.0673076923076923 0.11538461538461539
7 0.5769230769230769 0.578125 0.03365384615384615 0.0889423076923077
7 0.6646634615384616 0.6117788461538461 0.057692307692307696 0.11057692307692307
7 0.8028846153846154 0.5144230769230769 0.052884615384615384 0.09615384615384616