7 0.16105769230769232 0.7752403846153846 0.0889423076923077 0.10576923076923077
7 0.21754807692307693 0.24278846153846154 0.0625 0.057692307692307696
7 0.22235576923076922 0.33533653846153844 0.06971153846153846 0.0625
7 0.27283653846153844 0.3858173076923077 0.057692307692307696 0.06971153846153846
7 0.3137019230769231 0.33052884615384615 0.03125 0.03365384615384615
7 0.36658653846153844 0.30288461538461536 0.055288461538461536 0.052884615384615384
7 0.44711538461538464 0.296875 0.04567307692307692 0.055288461538461536
7 0.37259615384615385 0.4675480769230769 0.05048076923076923 0.0673076923076923
7 0.43149038461538464 0.43149038461538464 0.03125 0.038461538461538464
7 0.41586538461538464 0.4699519230769231 0.06009615384615385 0.057692307692307696
7 0.41346153846153844 0.6850961538461539 0.04807692307692308 0.07211538461538461
7 0.4831730769230769 0.6322115384615384 0.052884615384615384 0.10336538461538461
7 0.546875 0.40625 0.057692307692307696 0.057692307692307696
7 0.6213942307692307 0.43149038461538464 0.03125 0.05048076923076923
7 0.6370192307692307 0.3954326923076923 0.07451923076923077 0.0673076923076923
7 0.7704326923076923 0.43990384615384615 0.0625 0.06490384615384616
7 0.9675480769230769 0.46033653846153844 0.06490384615384616 0.06971153846153846
7 0.6826923076923077 0.6105769230769231 0.06971153846153846 0.06971153846153846
7 0.6081730769230769 0.609375 0.04807692307692308 0.057692307692307696