7 0.20673076923076922 0.0625 0.040865384615384616 0.052884615384615384
7 0.2644230769230769 0.3918269230769231 0.028846153846153848 0.040865384615384616
7 0.3293269230769231 0.33052884615384615 0.03365384615384615 0.04807692307692308
7 0.39302884615384615 0.2439903846153846 0.040865384615384616 0.055288461538461536
7 0.31850961538461536 0.3762019230769231 0.040865384615384616 0.055288461538461536
7 0.28725961538461536 0.4230769230769231 0.052884615384615384 0.04567307692307692
7 0.2848557692307692 0.4675480769230769 0.036057692307692304 0.057692307692307696
7 0.23076923076923078 0.5132211538461539 0.036057692307692304 0.057692307692307696
7 0.27283653846153844 0.5516826923076923 0.021634615384615384 0.040865384615384616
7 0.2800480769230769 0.5084134615384616 0.04567307692307692 0.04326923076923077
7 0.3137019230769231 0.5240384615384616 0.026442307692307692 0.04567307692307692
7 0.31850961538461536 0.48677884615384615 0.03125 0.06009615384615385
7 0.39663461538461536 0.4050480769230769 0.038461538461538464 0.08173076923076923
7 0.6189903846153846 0.35336538461538464 0.021634615384615384 0.040865384615384616
7 0.6177884615384616 0.40865384615384615 0.019230769230769232 0.04567307692307692
7 0.6286057692307693 0.4639423076923077 0.021634615384615384 0.040865384615384616
7 0.6454326923076923 0.4735576923076923 0.028846153846153848 0.057692307692307696
7 0.5348557692307693 0.7067307692307693 0.038461538461538464 0.055288461538461536
7 0.6983173076923077 0.3918269230769231 0.052884615384615384 0.057692307692307696
7 0.7536057692307693 0.3401442307692308 0.026442307692307692 0.04807692307692308
7 0.7439903846153846 0.2644230769230769 0.026442307692307692 0.036057692307692304
7 0.7572115384615384 0.42427884615384615 0.03365384615384615 0.04807692307692308
7 0.7680288461538461 0.4338942307692308 0.04567307692307692 0.0625
7 0.8870192307692307 0.3629807692307692 0.028846153846153848 0.04807692307692308
7 0.9026442307692307 0.4050480769230769 0.028846153846153848 0.04326923076923077