7 0.3918269230769231 0.025240384615384616 0.0673076923076923 0.05048076923076923
7 0.32572115384615385 0.21394230769230768 0.07932692307692307 0.1466346153846154
7 0.38822115384615385 0.17908653846153846 0.0625 0.11298076923076923
7 0.4014423076923077 0.23317307692307693 0.07932692307692307 0.09615384615384616
7 0.44711538461538464 0.11778846153846154 0.06009615384615385 0.07451923076923077
7 0.4362980769230769 0.20432692307692307 0.04567307692307692 0.038461538461538464
7 0.5096153846153846 0.17067307692307693 0.05048076923076923 0.07211538461538461
7 0.53125 0.20072115384615385 0.08173076923076923 0.07211538461538461
7 0.4567307692307692 0.2860576923076923 0.08173076923076923 0.11298076923076923
7 0.49038461538461536 0.25841346153846156 0.07211538461538461 0.07932692307692307
7 0.5444711538461539 0.32091346153846156 0.06490384615384616 0.09134615384615384
7 0.6153846153846154 0.3798076923076923 0.07211538461538461 0.11778846153846154
7 0.5384615384615384 0.4266826923076923 0.08653846153846154 0.10576923076923077
7 0.44350961538461536 0.4651442307692308 0.10336538461538461 0.11778846153846154
7 0.22956730769230768 0.5649038461538461 0.06971153846153846 0.11778846153846154
7 0.3137019230769231 0.7163461538461539 0.12980769230769232 0.16346153846153846
7 0.6009615384615384 0.7692307692307693 0.1346153846153846 0.14182692307692307
7 0.5600961538461539 0.6610576923076923 0.12740384615384615 0.13942307692307693
7 0.6526442307692307 0.6418269230769231 0.10576923076923077 0.12740384615384615
7 0.6682692307692307 0.5588942307692307 0.09375 0.0985576923076923
7 0.6586538461538461 0.5240384615384616 0.0985576923076923 0.11057692307692307
7 0.5925480769230769 0.5048076923076923 0.07692307692307693 0.11057692307692307
7 0.7572115384615384 0.31490384615384615 0.10576923076923077 0.11057692307692307