7 0.5829326923076923 0.4831730769230769 0.04807692307692308 0.06009615384615385
7 0.6514423076923077 0.41466346153846156 0.040865384615384616 0.038461538461538464
7 0.6862980769230769 0.4182692307692308 0.021634615384615384 0.028846153846153848
7 0.6959134615384616 0.4326923076923077 0.028846153846153848 0.028846153846153848
7 0.75 0.4110576923076923 0.028846153846153848 0.038461538461538464
7 0.7151442307692307 0.6442307692307693 0.02403846153846154 0.04567307692307692
7 0.7584134615384616 0.7608173076923077 0.036057692307692304 0.055288461538461536
7 0.875 0.6766826923076923 0.03125 0.038461538461538464
7 0.8774038461538461 0.6478365384615384 0.04326923076923077 0.05048076923076923
7 0.9146634615384616 0.6670673076923077 0.036057692307692304 0.05048076923076923
7 0.9459134615384616 0.7307692307692307 0.038461538461538464 0.06971153846153846
7 0.7307692307692307 0.30288461538461536 0.03365384615384615 0.06490384615384616
7 0.953125 0.36538461538461536 0.036057692307692304 0.05048076923076923