7 0.1814903846153846 0.5036057692307693 0.10336538461538461 0.16346153846153846
7 0.18028846153846154 0.7584134615384616 0.15625 0.1875
7 0.46033653846153844 0.6766826923076923 0.12980769230769232 0.11538461538461539
7 0.5444711538461539 0.7644230769230769 0.14182692307692307 0.13221153846153846
7 0.5060096153846154 0.43149038461538464 0.13221153846153846 0.125
7 0.6454326923076923 0.53125 0.11298076923076923 0.09134615384615384
7 0.6370192307692307 0.47716346153846156 0.12740384615384615 0.10096153846153846
7 0.6899038461538461 0.3918269230769231 0.09375 0.10096153846153846
7 0.6658653846153846 0.33052884615384615 0.09134615384615384 0.11057692307692307
7 0.7223557692307693 0.2548076923076923 0.08173076923076923 0.13942307692307693
7 0.8653846153846154 0.21153846153846154 0.09615384615384616 0.12980769230769232
7 0.6418269230769231 0.1875 0.05048076923076923 0.09134615384615384
7 0.5985576923076923 0.1502403846153846 0.06971153846153846 0.0889423076923077
7 0.578125 0.19591346153846154 0.03365384615384615 0.06971153846153846
7 0.5456730769230769 0.16346153846153846 0.07932692307692307 0.1346153846153846
7 0.46033653846153844 0.10697115384615384 0.08173076923076923 0.1346153846153846
7 0.5324519230769231 0.057692307692307696 0.052884615384615384 0.09134615384615384
7 0.609375 0.015625 0.06009615384615385 0.03125
7 0.6742788461538461 0.05889423076923077 0.0625 0.09615384615384616
7 0.6177884615384616 0.08413461538461539 0.06490384615384616 0.09375