7 0.5685096153846154 0.49759615384615385 0.040865384615384616 0.038461538461538464
7 0.6766826923076923 0.5084134615384616 0.04807692307692308 0.04567307692307692
7 0.7367788461538461 0.4567307692307692 0.038461538461538464 0.04326923076923077
7 0.765625 0.47716346153846156 0.02403846153846154 0.016826923076923076
7 0.7139423076923077 0.5144230769230769 0.021634615384615384 0.028846153846153848
7 0.71875 0.49759615384615385 0.026442307692307692 0.021634615384615384
7 0.7487980769230769 0.49278846153846156 0.040865384615384616 0.02403846153846154
7 0.7427884615384616 0.5216346153846154 0.036057692307692304 0.028846153846153848
7 0.7752403846153846 0.5132211538461539 0.03125 0.028846153846153848
7 0.8028846153846154 0.5048076923076923 0.036057692307692304 0.026442307692307692
7 0.7956730769230769 0.5276442307692307 0.016826923076923076 0.026442307692307692
7 0.8112980769230769 0.5420673076923077 0.028846153846153848 0.036057692307692304
7 0.8052884615384616 0.5661057692307693 0.03365384615384615 0.03125
7 0.8149038461538461 0.5192307692307693 0.036057692307692304 0.026442307692307692
7 0.859375 0.5420673076923077 0.036057692307692304 0.03125
7 0.8389423076923077 0.5096153846153846 0.04326923076923077 0.04326923076923077
7 0.8930288461538461 0.5288461538461539 0.04567307692307692 0.040865384615384616