7 0.05889423076923077 0.49038461538461536 0.06009615384615385 0.09615384615384616
7 0.12139423076923077 0.4423076923076923 0.057692307692307696 0.09375
7 0.17548076923076922 0.3870192307692308 0.07692307692307693 0.09375
7 0.3233173076923077 0.35096153846153844 0.06490384615384616 0.08413461538461539
7 0.26322115384615385 0.42908653846153844 0.04807692307692308 0.057692307692307696
7 0.203125 0.49759615384615385 0.06971153846153846 0.038461538461538464
7 0.20072115384615385 0.5420673076923077 0.038461538461538464 0.0673076923076923
7 0.19471153846153846 0.6009615384615384 0.06490384615384616 0.04807692307692308
7 0.2620192307692308 0.5300480769230769 0.06490384615384616 0.0673076923076923
7 0.24519230769230768 0.5769230769230769 0.057692307692307696 0.03365384615384615
7 0.3016826923076923 0.4699519230769231 0.0625 0.06490384615384616
7 0.36538461538461536 0.4230769230769231 0.04567307692307692 0.08413461538461539
7 0.31971153846153844 0.5300480769230769 0.057692307692307696 0.057692307692307696
7 0.2956730769230769 0.5841346153846154 0.0673076923076923 0.07451923076923077
7 0.25600961538461536 0.6322115384615384 0.06009615384615385 0.07451923076923077
7 0.2247596153846154 0.671875 0.09375 0.0673076923076923
7 0.22115384615384615 0.7151442307692307 0.05048076923076923 0.0985576923076923
7 0.21875 0.7896634615384616 0.036057692307692304 0.06490384615384616
7 0.2644230769230769 0.8052884615384616 0.04326923076923077 0.11778846153846154
7 0.2800480769230769 0.7235576923076923 0.04807692307692308 0.055288461538461536
7 0.29927884615384615 0.7824519230769231 0.03365384615384615 0.07211538461538461
7 0.33052884615384615 0.9266826923076923 0.08653846153846154 0.14423076923076922
7 0.3786057692307692 0.7644230769230769 0.055288461538461536 0.10576923076923077
7 0.3425480769230769 0.7127403846153846 0.05048076923076923 0.08653846153846154
7 0.31971153846153844 0.7091346153846154 0.028846153846153848 0.10817307692307693
7 0.3173076923076923 0.6490384615384616 0.06009615384615385 0.0889423076923077
7 0.3786057692307692 0.5913461538461539 0.03365384615384615 0.052884615384615384
7 0.3894230769230769 0.6574519230769231 0.06490384615384616 0.09134615384615384
7 0.4543269230769231 0.6971153846153846 0.0673076923076923 0.1201923076923077
7 0.4098557692307692 0.5625 0.052884615384615384 0.10336538461538461
7 0.4182692307692308 0.47716346153846156 0.06490384615384616 0.10096153846153846
7 0.38221153846153844 0.5012019230769231 0.057692307692307696 0.07692307692307693
7 0.4639423076923077 0.5396634615384616 0.055288461538461536 0.0985576923076923
7 0.45552884615384615 0.42427884615384615 0.036057692307692304 0.08173076923076923
7 0.515625 0.4266826923076923 0.038461538461538464 0.06490384615384616
7 0.5168269230769231 0.4831730769230769 0.07211538461538461 0.09615384615384616
7 0.5528846153846154 0.5144230769230769 0.08173076923076923 0.0889423076923077
7 0.5709134615384616 0.4098557692307692 0.038461538461538464 0.055288461538461536
7 0.5745192307692307 0.35096153846153844 0.04567307692307692 0.040865384615384616
7 0.5444711538461539 0.3858173076923077 0.052884615384615384 0.040865384615384616
7 0.5408653846153846 0.3485576923076923 0.057692307692307696 0.06971153846153846
7 0.5264423076923077 0.30649038461538464 0.06009615384615385 0.0673076923076923
7 0.6213942307692307 0.2920673076923077 0.06971153846153846 0.06490384615384616
7 0.5961538461538461 0.3641826923076923 0.04326923076923077 0.06009615384615385
7 0.6442307692307693 0.32211538461538464 0.040865384615384616 0.04807692307692308
7 0.6862980769230769 0.28846153846153844 0.06490384615384616 0.06009615384615385
7 0.6646634615384616 0.3701923076923077 0.03125 0.08413461538461539
7 0.6430288461538461 0.38221153846153844 0.05048076923076923 0.055288461538461536
7 0.6237980769230769 0.41586538461538464 0.0673076923076923 0.08413461538461539
7 0.6262019230769231 0.47836538461538464 0.04807692307692308 0.08413461538461539
7 0.6887019230769231 0.44591346153846156 0.05048076923076923 0.0889423076923077
7 0.7728365384615384 0.4110576923076923 0.09134615384615384 0.07692307692307693
7 0.7415865384615384 0.36778846153846156 0.04807692307692308 0.04567307692307692
7 0.7608173076923077 0.30288461538461536 0.040865384615384616 0.08413461538461539
7 0.7379807692307693 0.24639423076923078 0.038461538461538464 0.055288461538461536
7 0.78125 0.21514423076923078 0.0673076923076923 0.057692307692307696
7 0.796875 0.2548076923076923 0.05048076923076923 0.03125
7 0.8028846153846154 0.3605769230769231 0.05048076923076923 0.0985576923076923
7 0.8064903846153846 0.32572115384615385 0.08653846153846154 0.09375
7 0.8569711538461539 0.265625 0.0625 0.057692307692307696
7 0.8401442307692307 0.21033653846153846 0.05048076923076923 0.08413461538461539
7 0.8954326923076923 0.1045673076923077 0.04326923076923077 0.0889423076923077
7 0.9182692307692307 0.2644230769230769 0.04807692307692308 0.06971153846153846
7 0.9242788461538461 0.3329326923076923 0.04567307692307692 0.06490384615384616
7 0.8762019230769231 0.32211538461538464 0.04326923076923077 0.07692307692307693