7 0.33774038461538464 0.47115384615384615 0.06009615384615385 0.04807692307692308
7 0.39903846153846156 0.4567307692307692 0.040865384615384616 0.040865384615384616
7 0.453125 0.4855769230769231 0.03125 0.040865384615384616
7 0.47716346153846156 0.46274038461538464 0.05048076923076923 0.038461538461538464
7 0.48197115384615385 0.4254807692307692 0.04326923076923077 0.05048076923076923
7 0.5228365384615384 0.41225961538461536 0.04567307692307692 0.052884615384615384
7 0.5673076923076923 0.4110576923076923 0.036057692307692304 0.0625
7 0.6069711538461539 0.38341346153846156 0.057692307692307696 0.04326923076923077
7 0.8701923076923077 0.43149038461538464 0.052884615384615384 0.057692307692307696
7 0.828125 0.4338942307692308 0.04567307692307692 0.04326923076923077
7 0.9795673076923077 0.31009615384615385 0.040865384615384616 0.07692307692307693
7 0.5384615384615384 0.5973557692307693 0.08413461538461539 0.06490384615384616
7 0.44711538461538464 0.6057692307692307 0.036057692307692304 0.038461538461538464
7 0.40024038461538464 0.5985576923076923 0.07211538461538461 0.05048076923076923
7 0.35216346153846156 0.6009615384615384 0.0625 0.040865384615384616
7 0.2980769230769231 0.5997596153846154 0.07211538461538461 0.052884615384615384
7 0.2956730769230769 0.6466346153846154 0.07211538461538461 0.052884615384615384
7 0.30528846153846156 0.6706730769230769 0.03125 0.04807692307692308
7 0.33533653846153844 0.6778846153846154 0.06490384615384616 0.055288461538461536
7 0.3641826923076923 0.6454326923076923 0.06490384615384616 0.052884615384615384
7 0.41947115384615385 0.6430288461538461 0.0625 0.04567307692307692
7 0.453125 0.6358173076923077 0.0673076923076923 0.06009615384615385