7 0.5516826923076923 0.19831730769230768 0.1201923076923077 0.06971153846153846
7 0.4987980769230769 0.25 0.09615384615384616 0.0625
7 0.5 0.30408653846153844 0.057692307692307696 0.02403846153846154
7 0.4567307692307692 0.33533653846153844 0.038461538461538464 0.038461538461538464
7 0.5012019230769231 0.34134615384615385 0.04567307692307692 0.0673076923076923
7 0.47596153846153844 0.3786057692307692 0.0625 0.04807692307692308
7 0.40865384615384615 0.43509615384615385 0.07211538461538461 0.0673076923076923
7 0.5600961538461539 0.3701923076923077 0.07692307692307693 0.05048076923076923
7 0.5228365384615384 0.4254807692307692 0.07451923076923077 0.08173076923076923
7 0.49759615384615385 0.43149038461538464 0.07932692307692307 0.06490384615384616
7 0.38822115384615385 0.47596153846153844 0.06971153846153846 0.06971153846153846
7 0.3233173076923077 0.5072115384615384 0.07692307692307693 0.052884615384615384
7 0.49158653846153844 0.48197115384615385 0.04807692307692308 0.04326923076923077
7 0.45072115384615385 0.49278846153846156 0.0625 0.08173076923076923
7 0.5216346153846154 0.5228365384615384 0.06009615384615385 0.0625
7 0.5240384615384616 0.5721153846153846 0.07211538461538461 0.04807692307692308
7 0.5552884615384616 0.6237980769230769 0.06971153846153846 0.06490384615384616
7 0.7079326923076923 0.6322115384615384 0.08653846153846154 0.08173076923076923