7 0.055288461538461536 0.5829326923076923 0.03125 0.057692307692307696
7 0.08173076923076923 0.6153846153846154 0.052884615384615384 0.06009615384615385
7 0.10096153846153846 0.6358173076923077 0.040865384615384616 0.05048076923076923
7 0.0625 0.30649038461538464 0.06009615384615385 0.04326923076923077
7 0.07091346153846154 0.3401442307692308 0.03125 0.05048076923076923
7 0.09014423076923077 0.36899038461538464 0.040865384615384616 0.057692307692307696
7 0.10576923076923077 0.3317307692307692 0.04567307692307692 0.040865384615384616
7 0.09615384615384616 0.25721153846153844 0.055288461538461536 0.06009615384615385
7 0.14783653846153846 0.2644230769230769 0.040865384615384616 0.040865384615384616
7 0.18028846153846154 0.33533653846153844 0.06009615384615385 0.04567307692307692
7 0.21634615384615385 0.359375 0.06490384615384616 0.06009615384615385
7 0.20673076923076922 0.23557692307692307 0.06009615384615385 0.04326923076923077
7 0.21875 0.2776442307692308 0.052884615384615384 0.036057692307692304
7 0.234375 0.23317307692307693 0.055288461538461536 0.055288461538461536
7 0.27283653846153844 0.26802884615384615 0.07451923076923077 0.0625
7 0.328125 0.2860576923076923 0.07451923076923077 0.0673076923076923
7 0.2956730769230769 0.22235576923076922 0.057692307692307696 0.040865384615384616
7 0.3245192307692308 0.23677884615384615 0.0625 0.02403846153846154
7 0.38822115384615385 0.20552884615384615 0.07211538461538461 0.06009615384615385
7 0.3425480769230769 0.2091346153846154 0.05048076923076923 0.04326923076923077
7 0.26322115384615385 0.3737980769230769 0.02403846153846154 0.06490384615384616
7 0.296875 0.375 0.04326923076923077 0.07932692307692307
7 0.41225961538461536 0.27524038461538464 0.055288461538461536 0.07211538461538461
7 0.18629807692307693 0.5853365384615384 0.04807692307692308 0.0625
7 0.21754807692307693 0.546875 0.0673076923076923 0.055288461538461536
7 0.26322115384615385 0.5228365384615384 0.052884615384615384 0.055288461538461536
7 0.23197115384615385 0.6394230769230769 0.08173076923076923 0.0625
7 0.2536057692307692 0.6165865384615384 0.07451923076923077 0.06009615384615385
7 0.2704326923076923 0.5685096153846154 0.06009615384615385 0.04326923076923077
7 0.31009615384615385 0.5516826923076923 0.0673076923076923 0.06009615384615385
7 0.3125 0.609375 0.028846153846153848 0.08653846153846154
7 0.33052884615384615 0.6358173076923077 0.04326923076923077 0.0673076923076923
7 0.3545673076923077 0.5793269230769231 0.04326923076923077 0.0625
7 0.4338942307692308 0.6971153846153846 0.0625 0.09615384615384616
7 0.39663461538461536 0.4266826923076923 0.05048076923076923 0.0625
7 0.4230769230769231 0.453125 0.09134615384615384 0.057692307692307696
7 0.44350961538461536 0.4182692307692308 0.0625 0.057692307692307696
7 0.5108173076923077 0.17548076923076922 0.08173076923076923 0.052884615384615384
7 0.5252403846153846 0.2512019230769231 0.06490384615384616 0.06009615384615385
7 0.5973557692307693 0.21754807692307693 0.0625 0.08173076923076923
7 0.6706730769230769 0.18990384615384615 0.052884615384615384 0.06971153846153846
7 0.7247596153846154 0.21033653846153846 0.07451923076923077 0.0625
7 0.7463942307692307 0.18870192307692307 0.052884615384615384 0.055288461538461536
7 0.7548076923076923 0.2439903846153846 0.057692307692307696 0.04326923076923077
7 0.6790865384615384 0.24278846153846154 0.04567307692307692 0.052884615384615384
7 0.6959134615384616 0.2692307692307692 0.05048076923076923 0.04807692307692308
7 0.6875 0.30408653846153844 0.021634615384615384 0.07932692307692307
7 0.703125 0.35336538461538464 0.040865384615384616 0.057692307692307696
7 0.71875 0.3293269230769231 0.03125 0.06009615384615385
7 0.7439903846153846 0.3545673076923077 0.04807692307692308 0.08413461538461539
7 0.7752403846153846 0.34975961538461536 0.038461538461538464 0.07451923076923077
7 0.8425480769230769 0.23076923076923078 0.06490384615384616 0.07932692307692307
7 0.5288461538461539 0.4266826923076923 0.06971153846153846 0.07211538461538461
7 0.5733173076923077 0.4098557692307692 0.057692307692307696 0.04567307692307692
7 0.5913461538461539 0.4411057692307692 0.03125 0.055288461538461536
7 0.6286057692307693 0.4567307692307692 0.040865384615384616 0.055288461538461536
7 0.6322115384615384 0.3954326923076923 0.04807692307692308 0.04326923076923077
7 0.6754807692307693 0.4026442307692308 0.036057692307692304 0.03125
7 0.6418269230769231 0.4483173076923077 0.04807692307692308 0.057692307692307696
7 0.6778846153846154 0.4483173076923077 0.040865384615384616 0.04567307692307692
7 0.7127403846153846 0.4375 0.0625 0.038461538461538464
7 0.7596153846153846 0.4110576923076923 0.06490384615384616 0.040865384615384616
7 0.7163461538461539 0.4963942307692308 0.07451923076923077 0.07211538461538461
7 0.4807692307692308 0.5216346153846154 0.06971153846153846 0.04807692307692308
7 0.4963942307692308 0.5564903846153846 0.07451923076923077 0.038461538461538464
7 0.5144230769230769 0.6177884615384616 0.05048076923076923 0.08173076923076923
7 0.5552884615384616 0.5372596153846154 0.040865384615384616 0.09615384615384616
7 0.5709134615384616 0.5865384615384616 0.06009615384615385 0.052884615384615384
7 0.5769230769230769 0.6430288461538461 0.052884615384615384 0.09615384615384616
7 0.6105769230769231 0.6454326923076923 0.04807692307692308 0.07932692307692307
7 0.6334134615384616 0.5901442307692307 0.038461538461538464 0.0673076923076923
7 0.7055288461538461 0.6658653846153846 0.07451923076923077 0.08413461538461539
7 0.7331730769230769 0.6105769230769231 0.04807692307692308 0.057692307692307696
7 0.9567307692307693 0.7728365384615384 0.08653846153846154 0.10576923076923077
7 0.9026442307692307 0.78125 0.0625 0.0625