7 0.6430288461538461 0.22956730769230768 0.125 0.08413461538461539
7 0.5757211538461539 0.2620192307692308 0.10096153846153846 0.07451923076923077
7 0.5600961538461539 0.3137019230769231 0.057692307692307696 0.03125
7 0.5096153846153846 0.3293269230769231 0.04326923076923077 0.04326923076923077
7 0.5492788461538461 0.34975961538461536 0.055288461538461536 0.07211538461538461
7 0.5144230769230769 0.37740384615384615 0.0673076923076923 0.055288461538461536
7 0.4326923076923077 0.4110576923076923 0.07932692307692307 0.07692307692307693
7 0.5973557692307693 0.3954326923076923 0.08173076923076923 0.06009615384615385
7 0.5444711538461539 0.4362980769230769 0.08173076923076923 0.0889423076923077
7 0.5192307692307693 0.4338942307692308 0.08653846153846154 0.07211538461538461
7 0.4014423076923077 0.4423076923076923 0.07692307692307693 0.07692307692307693
7 0.3293269230769231 0.4519230769230769 0.08173076923076923 0.06009615384615385
7 0.49759615384615385 0.4795673076923077 0.052884615384615384 0.04807692307692308
7 0.45552884615384615 0.47716346153846156 0.07211538461538461 0.08653846153846154
7 0.5132211538461539 0.5276442307692307 0.0673076923076923 0.06971153846153846
7 0.5012019230769231 0.5769230769230769 0.07692307692307693 0.057692307692307696
7 0.5144230769230769 0.6358173076923077 0.07692307692307693 0.07211538461538461
7 0.6574519230769231 0.6899038461538461 0.09375 0.09134615384615384