7 0.2776442307692308 0.6658653846153846 0.057692307692307696 0.052884615384615384
7 0.33533653846153844 0.6165865384615384 0.040865384615384616 0.04807692307692308
7 0.2403846153846154 0.5060096153846154 0.036057692307692304 0.03125
7 0.2860576923076923 0.4951923076923077 0.028846153846153848 0.040865384615384616
7 0.30528846153846156 0.5096153846153846 0.016826923076923076 0.02403846153846154
7 0.31971153846153844 0.4951923076923077 0.014423076923076924 0.019230769230769232
7 0.34134615384615385 0.5012019230769231 0.03125 0.028846153846153848
7 0.4026442307692308 0.5144230769230769 0.03125 0.03125
7 0.32572115384615385 0.4735576923076923 0.03125 0.026442307692307692
7 0.3485576923076923 0.4831730769230769 0.026442307692307692 0.02403846153846154
7 0.37259615384615385 0.47475961538461536 0.021634615384615384 0.02403846153846154
7 0.3870192307692308 0.484375 0.028846153846153848 0.021634615384615384
7 0.3894230769230769 0.4639423076923077 0.019230769230769232 0.02403846153846154
7 0.4338942307692308 0.47836538461538464 0.038461538461538464 0.026442307692307692
7 0.4639423076923077 0.49759615384615385 0.021634615384615384 0.019230769230769232
7 0.5108173076923077 0.4807692307692308 0.016826923076923076 0.019230769230769232
7 0.43509615384615385 0.4338942307692308 0.016826923076923076 0.026442307692307692
7 0.48197115384615385 0.40865384615384615 0.019230769230769232 0.02403846153846154
7 0.4951923076923077 0.41586538461538464 0.021634615384615384 0.019230769230769232
7 0.5012019230769231 0.4266826923076923 0.01201923076923077 0.021634615384615384
7 0.5228365384615384 0.4230769230769231 0.016826923076923076 0.019230769230769232
7 0.5384615384615384 0.41225961538461536 0.014423076923076924 0.014423076923076924
7 0.5480769230769231 0.4254807692307692 0.02403846153846154 0.019230769230769232
7 0.5625 0.41586538461538464 0.021634615384615384 0.009615384615384616
7 0.5336538461538461 0.4338942307692308 0.007211538461538462 0.009615384615384616
7 0.5444711538461539 0.4519230769230769 0.016826923076923076 0.019230769230769232
7 0.6658653846153846 0.4230769230769231 0.014423076923076924 0.014423076923076924
7 0.6742788461538461 0.4254807692307692 0.01201923076923077 0.014423076923076924
7 0.6778846153846154 0.4326923076923077 0.007211538461538462 0.014423076923076924
7 0.6875 0.4254807692307692 0.019230769230769232 0.007211538461538462
7 0.6887019230769231 0.4375 0.01201923076923077 0.014423076923076924
7 0.7475961538461539 0.43509615384615385 0.014423076923076924 0.014423076923076924
7 0.78125 0.42788461538461536 0.009615384615384616 0.021634615384615384
7 0.8341346153846154 0.42908653846153844 0.007211538461538462 0.01201923076923077
7 0.8425480769230769 0.4362980769230769 0.007211538461538462 0.014423076923076924
7 0.8485576923076923 0.4254807692307692 0.01201923076923077 0.019230769230769232
7 0.9206730769230769 0.4362980769230769 0.014423076923076924 0.019230769230769232
7 0.9615384615384616 0.4543269230769231 0.021634615384615384 0.021634615384615384