7 0.056490384615384616 0.4735576923076923 0.11298076923076923 0.1201923076923077
7 0.10817307692307693 0.40865384615384615 0.11057692307692307 0.11538461538461539
7 0.17908653846153846 0.38341346153846156 0.1201923076923077 0.13221153846153846
7 0.24639423076923078 0.3137019230769231 0.09615384615384616 0.0889423076923077
7 0.3161057692307692 0.22956730769230768 0.0985576923076923 0.09375
7 0.34975961538461536 0.27163461538461536 0.07211538461538461 0.07211538461538461
7 0.4050480769230769 0.24759615384615385 0.10096153846153846 0.11538461538461539
7 0.3557692307692308 0.3233173076923077 0.08173076923076923 0.09375
7 0.3786057692307692 0.37740384615384615 0.12740384615384615 0.1466346153846154
7 0.30288461538461536 0.4963942307692308 0.14182692307692307 0.11778846153846154
7 0.21153846153846154 0.44350961538461536 0.05048076923076923 0.07451923076923077
7 0.15144230769230768 0.4675480769230769 0.08173076923076923 0.0625
7 0.17427884615384615 0.53125 0.125 0.11538461538461539
7 0.33653846153846156 0.6502403846153846 0.0889423076923077 0.07211538461538461
7 0.3918269230769231 0.6117788461538461 0.08653846153846154 0.09375
7 0.4182692307692308 0.5733173076923077 0.07211538461538461 0.07451923076923077
7 0.5072115384615384 0.5492788461538461 0.125 0.11057692307692307
7 0.546875 0.4266826923076923 0.09615384615384616 0.08413461538461539
7 0.46875 0.7379807692307693 0.07451923076923077 0.08413461538461539
7 0.5144230769230769 0.6911057692307693 0.06490384615384616 0.07692307692307693
7 0.5637019230769231 0.6911057692307693 0.09615384615384616 0.11057692307692307
7 0.640625 0.7103365384615384 0.11778846153846154 0.12740384615384615
7 0.7728365384615384 0.6105769230769231 0.11778846153846154 0.16826923076923078
7 0.8858173076923077 0.6694711538461539 0.0985576923076923 0.13701923076923078
7 0.9411057692307693 0.5528846153846154 0.11778846153846154 0.13942307692307693