7 0.052884615384615384 0.5192307692307693 0.10576923076923077 0.1971153846153846
7 0.11177884615384616 0.609375 0.0889423076923077 0.19230769230769232
7 0.2668269230769231 0.2956730769230769 0.1201923076923077 0.22596153846153846
7 0.2403846153846154 0.6478365384615384 0.08653846153846154 0.16105769230769232
7 0.3233173076923077 0.5745192307692307 0.0985576923076923 0.22355769230769232
7 0.3942307692307692 0.3713942307692308 0.11538461538461539 0.16346153846153846
7 0.41346153846153844 0.4675480769230769 0.12980769230769232 0.2091346153846154
7 0.4567307692307692 0.515625 0.13701923076923078 0.20192307692307693
7 0.33533653846153844 0.7271634615384616 0.13942307692307693 0.22115384615384615
7 0.40865384615384615 0.7043269230769231 0.0625 0.10096153846153846
7 0.4951923076923077 0.6682692307692307 0.14423076923076922 0.15384615384615385
7 0.5540865384615384 0.3918269230769231 0.057692307692307696 0.10336538461538461
7 0.5961538461538461 0.41225961538461536 0.10336538461538461 0.16826923076923078
7 0.609375 0.5144230769230769 0.17067307692307693 0.21634615384615385
7 0.6682692307692307 0.4891826923076923 0.0673076923076923 0.09615384615384616
7 0.7247596153846154 0.4206730769230769 0.14423076923076922 0.1658653846153846
7 0.6346153846153846 0.640625 0.17307692307692307 0.1875
7 0.6141826923076923 0.8581730769230769 0.15384615384615385 0.2283653846153846
7 0.6117788461538461 0.7475961538461539 0.10576923076923077 0.11298076923076923
7 0.7331730769230769 0.7283653846153846 0.10817307692307693 0.17067307692307693
7 0.8209134615384616 0.6550480769230769 0.11057692307692307 0.0985576923076923
7 0.8233173076923077 0.7463942307692307 0.15625 0.12980769230769232
7 0.8810096153846154 0.5841346153846154 0.12740384615384615 0.1346153846153846
7 0.7860576923076923 0.2403846153846154 0.11778846153846154 0.13221153846153846
7 0.7620192307692307 0.18269230769230768 0.1201923076923077 0.14903846153846154
7 0.8882211538461539 0.18028846153846154 0.1466346153846154 0.17307692307692307