7 0.1502403846153846 0.5216346153846154 0.13221153846153846 0.14903846153846154
7 0.24639423076923078 0.5649038461538461 0.10817307692307693 0.13701923076923078
7 0.3317307692307692 0.5072115384615384 0.08413461538461539 0.09134615384615384
7 0.38461538461538464 0.22355769230769232 0.16826923076923078 0.10576923076923077
7 0.3858173076923077 0.2800480769230769 0.04807692307692308 0.14423076923076922
7 0.46153846153846156 0.296875 0.13942307692307693 0.10817307692307693
7 0.43990384615384615 0.453125 0.15144230769230768 0.14423076923076922
7 0.5721153846153846 0.4026442307692308 0.11778846153846154 0.15384615384615385
7 0.5300480769230769 0.4795673076923077 0.14423076923076922 0.08413461538461539
7 0.5913461538461539 0.546875 0.09375 0.1201923076923077
7 0.5252403846153846 0.6454326923076923 0.18269230769230768 0.17307692307692307
7 0.49158653846153844 0.5673076923076923 0.09615384615384616 0.09134615384615384
7 0.6826923076923077 0.5973557692307693 0.08173076923076923 0.1201923076923077
7 0.6778846153846154 0.7175480769230769 0.0625 0.13942307692307693
7 0.75 0.4483173076923077 0.12259615384615384 0.11778846153846154
7 0.8233173076923077 0.42427884615384615 0.12980769230769232 0.09134615384615384
7 0.8545673076923077 0.5132211538461539 0.15384615384615385 0.125
7 0.9194711538461539 0.5841346153846154 0.11298076923076923 0.15384615384615385
7 0.8882211538461539 0.6670673076923077 0.1346153846153846 0.18509615384615385