7 0.19831730769230768 0.5204326923076923 0.06009615384615385 0.0889423076923077
7 0.25240384615384615 0.4699519230769231 0.0625 0.07932692307692307
7 0.2776442307692308 0.6045673076923077 0.08173076923076923 0.09134615384615384
7 0.32211538461538464 0.5733173076923077 0.040865384615384616 0.03365384615384615
7 0.3701923076923077 0.6153846153846154 0.06971153846153846 0.09375
7 0.36899038461538464 0.5637019230769231 0.0625 0.05048076923076923
7 0.35096153846153844 0.53125 0.07451923076923077 0.0625
7 0.4855769230769231 0.6574519230769231 0.06009615384615385 0.052884615384615384
7 0.5372596153846154 0.6105769230769231 0.0625 0.0673076923076923
7 0.5600961538461539 0.6346153846153846 0.057692307692307696 0.07451923076923077
7 0.6033653846153846 0.6189903846153846 0.0673076923076923 0.08413461538461539
7 0.7836538461538461 0.578125 0.08653846153846154 0.09134615384615384
7 0.45072115384615385 0.546875 0.08413461538461539 0.0985576923076923
7 0.39783653846153844 0.47596153846153844 0.07932692307692307 0.08653846153846154
7 0.38341346153846156 0.3894230769230769 0.07451923076923077 0.07451923076923077
7 0.42427884615384615 0.3701923076923077 0.04326923076923077 0.06009615384615385
7 0.44591346153846156 0.4110576923076923 0.04807692307692308 0.038461538461538464
7 0.45913461538461536 0.4254807692307692 0.07451923076923077 0.06971153846153846
7 0.49278846153846156 0.4050480769230769 0.040865384615384616 0.05048076923076923
7 0.4987980769230769 0.3605769230769231 0.07932692307692307 0.057692307692307696
7 0.4651442307692308 0.35216346153846156 0.038461538461538464 0.0673076923076923
7 0.5324519230769231 0.32211538461538464 0.06490384615384616 0.055288461538461536
7 0.5961538461538461 0.3173076923076923 0.08413461538461539 0.0625
7 0.5805288461538461 0.36177884615384615 0.06009615384615385 0.06490384615384616
7 0.5588942307692307 0.42908653846153844 0.04807692307692308 0.040865384615384616
7 0.5925480769230769 0.4483173076923077 0.08653846153846154 0.06490384615384616
7 0.5588942307692307 0.5060096153846154 0.06971153846153846 0.07692307692307693