7 0.1778846153846154 0.4807692307692308 0.14182692307692307 0.13942307692307693
7 0.12259615384615384 0.5769230769230769 0.07692307692307693 0.10336538461538461
7 0.2692307692307692 0.703125 0.11298076923076923 0.11538461538461539
7 0.328125 0.6646634615384616 0.08173076923076923 0.052884615384615384
7 0.2776442307692308 0.6538461538461539 0.08173076923076923 0.08173076923076923
7 0.38100961538461536 0.5865384615384616 0.09134615384615384 0.14423076923076922
7 0.42427884615384615 0.5252403846153846 0.0889423076923077 0.09375
7 0.47836538461538464 0.609375 0.11298076923076923 0.09134615384615384
7 0.4879807692307692 0.5384615384615384 0.07692307692307693 0.06971153846153846
7 0.5588942307692307 0.5372596153846154 0.0985576923076923 0.0889423076923077
7 0.6189903846153846 0.5480769230769231 0.1201923076923077 0.10336538461538461
7 0.6814903846153846 0.6021634615384616 0.125 0.12740384615384615
7 0.8473557692307693 0.6634615384615384 0.09375 0.125
7 0.9146634615384616 0.4338942307692308 0.0985576923076923 0.1201923076923077
7 0.7307692307692307 0.49399038461538464 0.10336538461538461 0.10817307692307693
7 0.6370192307692307 0.4362980769230769 0.1201923076923077 0.10336538461538461
7 0.625 0.3918269230769231 0.10096153846153846 0.11298076923076923
7 0.5060096153846154 0.35216346153846156 0.07932692307692307 0.10817307692307693
7 0.4543269230769231 0.36177884615384615 0.08173076923076923 0.09615384615384616
7 0.5853365384615384 0.23798076923076922 0.0889423076923077 0.09615384615384616
7 0.6538461538461539 0.24519230769230768 0.09615384615384616 0.07451923076923077
7 0.6658653846153846 0.29086538461538464 0.12980769230769232 0.11538461538461539
7 0.5685096153846154 0.3473557692307692 0.0673076923076923 0.10336538461538461