7 0.11177884615384616 0.6165865384615384 0.11778846153846154 0.14903846153846154
7 0.09735576923076923 0.41346153846153844 0.0889423076923077 0.1466346153846154
7 0.4170673076923077 0.4014423076923077 0.12740384615384615 0.11538461538461539
7 0.38100961538461536 0.6105769230769231 0.13701923076923078 0.09375
7 0.45552884615384615 0.7007211538461539 0.1466346153846154 0.12740384615384615
7 0.38822115384615385 0.07451923076923077 0.055288461538461536 0.11538461538461539
7 0.47115384615384615 0.078125 0.0673076923076923 0.0889423076923077
7 0.48677884615384615 0.17307692307692307 0.07211538461538461 0.13221153846153846
7 0.5216346153846154 0.13581730769230768 0.03365384615384615 0.07692307692307693
7 0.5913461538461539 0.07572115384615384 0.07932692307692307 0.07932692307692307
7 0.5697115384615384 0.18389423076923078 0.057692307692307696 0.10576923076923077
7 0.5108173076923077 0.040865384615384616 0.036057692307692304 0.0625
7 0.6478365384615384 0.2776442307692308 0.0889423076923077 0.0985576923076923
7 0.5697115384615384 0.3137019230769231 0.09134615384615384 0.08413461538461539
7 0.5889423076923077 0.38461538461538464 0.10336538461538461 0.0673076923076923
7 0.5516826923076923 0.44591346153846156 0.13942307692307693 0.055288461538461536
7 0.546875 0.49038461538461536 0.10096153846153846 0.07211538461538461
7 0.5252403846153846 0.5564903846153846 0.0625 0.10817307692307693
7 0.7860576923076923 0.2403846153846154 0.07692307692307693 0.07692307692307693