7 0.16346153846153846 0.6730769230769231 0.2283653846153846 0.14182692307692307
7 0.3473557692307692 0.8076923076923077 0.24759615384615385 0.16826923076923078
7 0.4495192307692308 0.6430288461538461 0.18990384615384615 0.11298076923076923
7 0.5673076923076923 0.5793269230769231 0.17067307692307693 0.12740384615384615
7 0.734375 0.5504807692307693 0.07692307692307693 0.08653846153846154
7 0.8978365384615384 0.5300480769230769 0.08173076923076923 0.07211538461538461
7 0.8245192307692307 0.5492788461538461 0.0673076923076923 0.07692307692307693
7 0.8882211538461539 0.5072115384615384 0.14182692307692307 0.0889423076923077
7 0.8473557692307693 0.46875 0.10817307692307693 0.07932692307692307
7 0.7103365384615384 0.7451923076923077 0.1658653846153846 0.18509615384615385
7 0.8449519230769231 0.6923076923076923 0.23557692307692307 0.19951923076923078