7 0.0625 0.5588942307692307 0.07211538461538461 0.10336538461538461
7 0.11658653846153846 0.5024038461538461 0.06971153846153846 0.10096153846153846
7 0.16105769230769232 0.4387019230769231 0.0889423076923077 0.10336538461538461
7 0.3016826923076923 0.3798076923076923 0.07692307692307693 0.09134615384615384
7 0.2548076923076923 0.46634615384615385 0.055288461538461536 0.0625
7 0.20673076923076922 0.5444711538461539 0.07211538461538461 0.04807692307692308
7 0.21033653846153846 0.5889423076923077 0.04807692307692308 0.06971153846153846
7 0.21394230769230768 0.6478365384615384 0.06971153846153846 0.055288461538461536
7 0.2704326923076923 0.5661057692307693 0.07211538461538461 0.07451923076923077
7 0.2608173076923077 0.6153846153846154 0.06009615384615385 0.040865384615384616
7 0.29927884615384615 0.5024038461538461 0.06971153846153846 0.07211538461538461
7 0.3557692307692308 0.44471153846153844 0.057692307692307696 0.0889423076923077
7 0.3269230769230769 0.5588942307692307 0.06490384615384616 0.06490384615384616
7 0.3125 0.6153846153846154 0.07692307692307693 0.08173076923076923
7 0.2800480769230769 0.6694711538461539 0.06971153846153846 0.07932692307692307
7 0.25600961538461536 0.7127403846153846 0.10096153846153846 0.07932692307692307
7 0.25841346153846156 0.7560096153846154 0.06490384615384616 0.10336538461538461
7 0.26802884615384615 0.8293269230769231 0.04567307692307692 0.0673076923076923
7 0.31490384615384615 0.8389423076923077 0.06009615384615385 0.1201923076923077
7 0.3173076923076923 0.7560096153846154 0.055288461538461536 0.0625
7 0.34615384615384615 0.8100961538461539 0.04326923076923077 0.07451923076923077
7 0.39903846153846156 0.9350961538461539 0.10576923076923077 0.12980769230769232
7 0.421875 0.7800480769230769 0.06971153846153846 0.11057692307692307
7 0.37740384615384615 0.734375 0.0625 0.09134615384615384
7 0.3545673076923077 0.734375 0.04567307692307692 0.10817307692307693
7 0.34375 0.6754807692307693 0.07211538461538461 0.09375
7 0.3942307692307692 0.609375 0.040865384615384616 0.055288461538461536
7 0.41466346153846156 0.6730769230769231 0.07692307692307693 0.0985576923076923
7 0.4855769230769231 0.7019230769230769 0.08413461538461539 0.125
7 0.421875 0.5757211538461539 0.0673076923076923 0.10817307692307693
7 0.41586538461538464 0.4891826923076923 0.07692307692307693 0.10576923076923077
7 0.38341346153846156 0.5192307692307693 0.0673076923076923 0.08413461538461539
7 0.47115384615384615 0.5444711538461539 0.0673076923076923 0.10336538461538461
7 0.44350961538461536 0.4326923076923077 0.04807692307692308 0.08413461538461539
7 0.5036057692307693 0.4254807692307692 0.04567307692307692 0.0673076923076923
7 0.5144230769230769 0.4807692307692308 0.08413461538461539 0.10336538461538461
7 0.5540865384615384 0.5060096153846154 0.09375 0.0985576923076923
7 0.5552884615384616 0.39903846153846156 0.04567307692307692 0.06009615384615385
7 0.5492788461538461 0.34134615384615385 0.05048076923076923 0.04807692307692308
7 0.5264423076923077 0.3798076923076923 0.057692307692307696 0.04807692307692308
7 0.5168269230769231 0.34375 0.0673076923076923 0.07692307692307693
7 0.4951923076923077 0.30528846153846156 0.0673076923076923 0.07451923076923077
7 0.5877403846153846 0.27524038461538464 0.07692307692307693 0.07211538461538461
7 0.5745192307692307 0.35096153846153844 0.05048076923076923 0.06490384615384616
7 0.6141826923076923 0.3016826923076923 0.04807692307692308 0.052884615384615384
7 0.6514423076923077 0.2620192307692308 0.07211538461538461 0.0673076923076923
7 0.6418269230769231 0.34615384615384615 0.04326923076923077 0.08653846153846154
7 0.6237980769230769 0.36177884615384615 0.057692307692307696 0.0625
7 0.609375 0.39663461538461536 0.07932692307692307 0.09134615384615384
7 0.6213942307692307 0.4579326923076923 0.06009615384615385 0.0889423076923077
7 0.6778846153846154 0.4170673076923077 0.06490384615384616 0.09375
7 0.7560096153846154 0.36899038461538464 0.10096153846153846 0.0889423076923077
7 0.7175480769230769 0.3317307692307692 0.055288461538461536 0.052884615384615384
7 0.7271634615384616 0.265625 0.052884615384615384 0.0889423076923077
7 0.6947115384615384 0.21153846153846154 0.04567307692307692 0.06009615384615385
7 0.7331730769230769 0.17427884615384615 0.07451923076923077 0.0673076923076923
7 0.7548076923076923 0.21153846153846154 0.052884615384615384 0.038461538461538464
7 0.7764423076923077 0.31490384615384615 0.06490384615384616 0.10336538461538461
7 0.7764423076923077 0.2800480769230769 0.09615384615384616 0.10336538461538461
7 0.8161057692307693 0.2127403846153846 0.06971153846153846 0.06490384615384616
7 0.7908653846153846 0.15985576923076922 0.0625 0.0889423076923077
7 0.828125 0.04807692307692308 0.057692307692307696 0.09375
7 0.8762019230769231 0.20192307692307693 0.057692307692307696 0.07451923076923077
7 0.8930288461538461 0.26802884615384615 0.052884615384615384 0.06971153846153846
7 0.84375 0.265625 0.055288461538461536 0.08173076923076923