7 0.039663461538461536 0.34134615384615385 0.04807692307692308 0.05048076923076923
7 0.0889423076923077 0.3401442307692308 0.040865384615384616 0.06971153846153846
7 0.125 0.3137019230769231 0.03365384615384615 0.055288461538461536
7 0.13942307692307693 0.39903846153846156 0.06490384615384616 0.08413461538461539
7 0.18629807692307693 0.3317307692307692 0.0673076923076923 0.052884615384615384
7 0.23076923076923078 0.3449519230769231 0.07451923076923077 0.09615384615384616
7 0.2644230769230769 0.28966346153846156 0.06971153846153846 0.06971153846153846
7 0.37740384615384615 0.3762019230769231 0.028846153846153848 0.03365384615384615
7 0.42788461538461536 0.3762019230769231 0.07211538461538461 0.06490384615384616
7 0.36538461538461536 0.42427884615384615 0.0673076923076923 0.06490384615384616
7 0.33052884615384615 0.5144230769230769 0.08173076923076923 0.0889423076923077
7 0.38100961538461536 0.546875 0.026442307692307692 0.052884615384615384
7 0.640625 0.5120192307692307 0.04326923076923077 0.04807692307692308
7 0.5997596153846154 0.5012019230769231 0.052884615384615384 0.07451923076923077
7 0.6358173076923077 0.44591346153846156 0.08173076923076923 0.055288461538461536
7 0.6298076923076923 0.47115384615384615 0.03125 0.036057692307692304
7 0.7079326923076923 0.5252403846153846 0.06971153846153846 0.08173076923076923
7 0.6875 0.5120192307692307 0.057692307692307696 0.055288461538461536
7 0.6983173076923077 0.47596153846153844 0.05048076923076923 0.0625
7 0.7548076923076923 0.4735576923076923 0.07692307692307693 0.08413461538461539
7 0.8317307692307693 0.46274038461538464 0.09134615384615384 0.07932692307692307