7 0.14903846153846154 0.42908653846153844 0.10096153846153846 0.11298076923076923
7 0.21033653846153846 0.47716346153846156 0.0625 0.07211538461538461
7 0.265625 0.46634615384615385 0.07211538461538461 0.07932692307692307
7 0.3737980769230769 0.44471153846153844 0.0985576923076923 0.08653846153846154
7 0.41586538461538464 0.5024038461538461 0.0889423076923077 0.08173076923076923
7 0.33413461538461536 0.5252403846153846 0.0673076923076923 0.07211538461538461
7 0.3858173076923077 0.5973557692307693 0.0985576923076923 0.0889423076923077
7 0.5048076923076923 0.4951923076923077 0.05048076923076923 0.06490384615384616
7 0.5516826923076923 0.4675480769230769 0.06971153846153846 0.07932692307692307
7 0.6141826923076923 0.4675480769230769 0.07692307692307693 0.055288461538461536
7 0.5985576923076923 0.5276442307692307 0.057692307692307696 0.07211538461538461
7 0.6850961538461539 0.5360576923076923 0.0889423076923077 0.07932692307692307
7 0.7632211538461539 0.48677884615384615 0.0889423076923077 0.07932692307692307