7 0.12740384615384615 0.17668269230769232 0.11538461538461539 0.1875
7 0.45072115384615385 0.15865384615384615 0.09615384615384616 0.15865384615384615
7 0.5889423076923077 0.13942307692307693 0.09375 0.12980769230769232
7 0.6177884615384616 0.25721153846153844 0.0985576923076923 0.13221153846153846
7 0.6646634615384616 0.18870192307692307 0.04807692307692308 0.08413461538461539
7 0.6983173076923077 0.15144230769230768 0.06009615384615385 0.0889423076923077
7 0.7524038461538461 0.18389423076923078 0.07211538461538461 0.08173076923076923
7 0.6814903846153846 0.22716346153846154 0.125 0.10576923076923077
7 0.7487980769230769 0.31009615384615385 0.11538461538461539 0.13701923076923078
7 0.8485576923076923 0.2692307692307692 0.1346153846153846 0.11778846153846154
7 0.890625 0.2127403846153846 0.06971153846153846 0.10576923076923077
7 0.9483173076923077 0.12740384615384615 0.0889423076923077 0.10096153846153846
7 0.9783653846153846 0.16466346153846154 0.04326923076923077 0.10336538461538461
7 0.9471153846153846 0.19110576923076922 0.05048076923076923 0.0889423076923077
7 0.9471153846153846 0.26322115384615385 0.07692307692307693 0.09375
7 0.8822115384615384 0.6081730769230769 0.11778846153846154 0.2548076923076923
7 0.6129807692307693 0.6694711538461539 0.13701923076923078 0.24519230769230768
7 0.6850961538461539 0.8810096153846154 0.11538461538461539 0.23798076923076922
7 0.49278846153846156 0.7379807692307693 0.0625 0.1466346153846154
7 0.5817307692307693 0.5576923076923077 0.08173076923076923 0.20673076923076922
7 0.5408653846153846 0.5865384615384616 0.055288461538461536 0.15144230769230768
7 0.49759615384615385 0.6237980769230769 0.03365384615384615 0.08173076923076923
7 0.3088942307692308 0.8233173076923077 0.06971153846153846 0.2692307692307692
7 0.109375 0.5817307692307693 0.13701923076923078 0.16105769230769232
7 0.07211538461538461 0.7163461538461539 0.055288461538461536 0.18269230769230768
7 0.1466346153846154 0.6706730769230769 0.05048076923076923 0.16826923076923078
7 0.21394230769230768 0.6009615384615384 0.11298076923076923 0.13701923076923078
7 0.24519230769230768 0.6887019230769231 0.06971153846153846 0.20673076923076922
7 0.25841346153846156 0.4855769230769231 0.0985576923076923 0.10817307692307693
7 0.3581730769230769 0.46875 0.15625 0.10576923076923077
7 0.47115384615384615 0.47836538461538464 0.0985576923076923 0.09375
7 0.42908653846153844 0.5961538461538461 0.14423076923076922 0.18990384615384615
7 0.3233173076923077 0.5540865384615384 0.12980769230769232 0.13221153846153846
7 0.32572115384615385 0.6430288461538461 0.10576923076923077 0.0985576923076923