7 0.06009615384615385 0.5985576923076923 0.1201923076923077 0.1971153846153846
7 0.15745192307692307 0.6730769230769231 0.13221153846153846 0.19951923076923078
7 0.19831730769230768 0.3762019230769231 0.1466346153846154 0.25
7 0.3389423076923077 0.3954326923076923 0.10336538461538461 0.15865384615384615
7 0.3293269230769231 0.5649038461538461 0.10096153846153846 0.19471153846153846
7 0.3173076923076923 0.6742788461538461 0.10817307692307693 0.17067307692307693
7 0.40384615384615385 0.4639423076923077 0.14182692307692307 0.15144230769230768
7 0.45552884615384615 0.4855769230769231 0.16105769230769232 0.18990384615384615
7 0.4170673076923077 0.7091346153846154 0.14423076923076922 0.2283653846153846
7 0.4723557692307692 0.6658653846153846 0.125 0.13701923076923078
7 0.5384615384615384 0.6069711538461539 0.15865384615384615 0.17307692307692307
7 0.5036057692307693 0.38100961538461536 0.06009615384615385 0.12980769230769232
7 0.5492788461538461 0.3329326923076923 0.09134615384615384 0.16346153846153846
7 0.59375 0.4110576923076923 0.1778846153846154 0.19951923076923078
7 0.6634615384615384 0.39783653846153844 0.0673076923076923 0.11298076923076923
7 0.6778846153846154 0.33052884615384615 0.1466346153846154 0.19471153846153846
7 0.6225961538461539 0.09495192307692307 0.1201923076923077 0.11778846153846154
7 0.6670673076923077 0.15144230769230768 0.14903846153846154 0.17067307692307693
7 0.7596153846153846 0.054086538461538464 0.15384615384615385 0.10817307692307693
7 0.6658653846153846 0.5180288461538461 0.15625 0.16346153846153846
7 0.6778846153846154 0.6201923076923077 0.11538461538461539 0.1201923076923077
7 0.7163461538461539 0.703125 0.17548076923076922 0.22115384615384615
7 0.7776442307692307 0.5625 0.12980769230769232 0.16105769230769232
7 0.7103365384615384 0.5360576923076923 0.12980769230769232 0.1201923076923077
7 0.8377403846153846 0.4651442307692308 0.1346153846153846 0.09615384615384616
7 0.8810096153846154 0.5372596153846154 0.14423076923076922 0.13942307692307693
7 0.8774038461538461 0.38822115384615385 0.14423076923076922 0.15144230769230768