7 0.0985576923076923 0.3004807692307692 0.1201923076923077 0.11778846153846154
7 0.17548076923076922 0.26322115384615385 0.10817307692307693 0.11298076923076923
7 0.25 0.26802884615384615 0.11778846153846154 0.13221153846153846
7 0.3389423076923077 0.22956730769230768 0.09615384615384616 0.08653846153846154
7 0.4362980769230769 0.17908653846153846 0.09615384615384616 0.09134615384615384
7 0.45072115384615385 0.23076923076923078 0.06971153846153846 0.06971153846153846
7 0.5108173076923077 0.23076923076923078 0.0985576923076923 0.11538461538461539
7 0.4362980769230769 0.28125 0.08173076923076923 0.09375
7 0.4362980769230769 0.3389423076923077 0.125 0.14423076923076922
7 0.31971153846153844 0.41947115384615385 0.13942307692307693 0.11538461538461539
7 0.25600961538461536 0.33533653846153844 0.04807692307692308 0.07451923076923077
7 0.19230769230769232 0.33413461538461536 0.08173076923076923 0.0625
7 0.18870192307692307 0.4014423076923077 0.125 0.11298076923076923
7 0.29086538461538464 0.5745192307692307 0.0889423076923077 0.07211538461538461
7 0.35697115384615385 0.5600961538461539 0.08653846153846154 0.09375
7 0.39663461538461536 0.5360576923076923 0.07211538461538461 0.07211538461538461
7 0.48677884615384615 0.5480769230769231 0.12259615384615384 0.10817307692307693
7 0.5721153846153846 0.45072115384615385 0.09615384615384616 0.08173076923076923
7 0.37740384615384615 0.7067307692307693 0.07211538461538461 0.08173076923076923
7 0.4387019230769231 0.6814903846153846 0.06490384615384616 0.07692307692307693
7 0.484375 0.7019230769230769 0.09375 0.10817307692307693
7 0.546875 0.7475961538461539 0.11538461538461539 0.12740384615384615
7 0.7079326923076923 0.7079326923076923 0.11538461538461539 0.16826923076923078
7 0.7896634615384616 0.8076923076923077 0.09615384615384616 0.13701923076923078
7 0.8882211538461539 0.7223557692307693 0.12259615384615384 0.13701923076923078