7 0.1875 0.3329326923076923 0.14423076923076922 0.125
7 0.1201923076923077 0.40024038461538464 0.10817307692307693 0.13221153846153846
7 0.19831730769230768 0.6021634615384616 0.10576923076923077 0.11778846153846154
7 0.26802884615384615 0.6069711538461539 0.0673076923076923 0.11057692307692307
7 0.2283653846153846 0.5444711538461539 0.07932692307692307 0.08413461538461539
7 0.34615384615384615 0.5252403846153846 0.11057692307692307 0.1346153846153846
7 0.4074519230769231 0.4951923076923077 0.07451923076923077 0.08173076923076923
7 0.4375 0.6009615384615384 0.09134615384615384 0.10336538461538461
7 0.47115384615384615 0.5396634615384616 0.07211538461538461 0.08413461538461539
7 0.5288461538461539 0.5697115384615384 0.10336538461538461 0.09375
7 0.5745192307692307 0.6177884615384616 0.11298076923076923 0.09134615384615384
7 0.6165865384615384 0.6790865384615384 0.10336538461538461 0.11057692307692307
7 0.7584134615384616 0.8076923076923077 0.11538461538461539 0.0985576923076923
7 0.6971153846153846 0.6081730769230769 0.12980769230769232 0.11057692307692307
7 0.9146634615384616 0.6033653846153846 0.12259615384615384 0.10576923076923077
7 0.6526442307692307 0.5108173076923077 0.12740384615384615 0.09615384615384616
7 0.6394230769230769 0.4483173076923077 0.09375 0.08653846153846154
7 0.6262019230769231 0.3894230769230769 0.055288461538461536 0.0625
7 0.5697115384615384 0.37259615384615385 0.07692307692307693 0.11298076923076923
7 0.5084134615384616 0.35096153846153844 0.08173076923076923 0.09375
7 0.6694711538461539 0.29927884615384615 0.09134615384615384 0.07692307692307693
7 0.7391826923076923 0.3894230769230769 0.1201923076923077 0.10336538461538461