7 0.18990384615384615 0.18629807692307693 0.07692307692307693 0.07692307692307693
7 0.15985576923076922 0.29927884615384615 0.04567307692307692 0.07211538461538461
7 0.7572115384615384 0.18389423076923078 0.055288461538461536 0.06009615384615385
7 0.41346153846153844 0.47475961538461536 0.07211538461538461 0.10096153846153846
7 0.23677884615384615 0.6502403846153846 0.11778846153846154 0.0985576923076923
7 0.3605769230769231 0.6141826923076923 0.07932692307692307 0.08653846153846154
7 0.4266826923076923 0.5985576923076923 0.04807692307692308 0.057692307692307696
7 0.4338942307692308 0.6514423076923077 0.08173076923076923 0.0673076923076923
7 0.5661057692307693 0.5625 0.055288461538461536 0.0673076923076923
7 0.6201923076923077 0.5528846153846154 0.06009615384615385 0.08413461538461539
7 0.5757211538461539 0.6622596153846154 0.055288461538461536 0.07451923076923077
7 0.703125 0.5721153846153846 0.07932692307692307 0.0985576923076923
7 0.7692307692307693 0.6201923076923077 0.11057692307692307 0.0889423076923077
7 0.7403846153846154 0.6682692307692307 0.04567307692307692 0.07451923076923077
7 0.9507211538461539 0.6334134615384616 0.04567307692307692 0.0673076923076923
7 0.23798076923076922 0.45072115384615385 0.05048076923076923 0.07932692307692307