7 0.0889423076923077 0.7103365384615384 0.036057692307692304 0.0673076923076923
7 0.140625 0.7271634615384616 0.028846153846153848 0.052884615384615384
7 0.1310096153846154 0.65625 0.040865384615384616 0.05048076923076923
7 0.18990384615384615 0.5721153846153846 0.03125 0.040865384615384616
7 0.30649038461538464 0.5372596153846154 0.03125 0.04807692307692308
7 0.2980769230769231 0.43028846153846156 0.026442307692307692 0.04326923076923077
7 0.26322115384615385 0.4098557692307692 0.036057692307692304 0.038461538461538464
7 0.23076923076923078 0.4170673076923077 0.02403846153846154 0.03365384615384615
7 0.22355769230769232 0.35216346153846156 0.038461538461538464 0.05048076923076923
7 0.25961538461538464 0.3389423076923077 0.04326923076923077 0.055288461538461536
7 0.5360576923076923 0.3004807692307692 0.03125 0.055288461538461536
7 0.6334134615384616 0.37740384615384615 0.02403846153846154 0.04807692307692308
7 0.6670673076923077 0.38461538461538464 0.04807692307692308 0.05048076923076923
7 0.6370192307692307 0.24759615384615385 0.03125 0.03125
7 0.6610576923076923 0.21514423076923078 0.06490384615384616 0.055288461538461536
7 0.6959134615384616 0.6694711538461539 0.036057692307692304 0.055288461538461536
7 0.6766826923076923 0.7103365384615384 0.057692307692307696 0.04807692307692308
7 0.7091346153846154 0.7848557692307693 0.038461538461538464 0.04567307692307692
7 0.6778846153846154 0.8161057692307693 0.04326923076923077 0.04326923076923077
7 0.6574519230769231 0.8317307692307693 0.0625 0.07932692307692307