7 0.18269230769230768 0.4411057692307692 0.12980769230769232 0.12740384615384615
7 0.11658653846153846 0.5300480769230769 0.0673076923076923 0.0985576923076923
7 0.24639423076923078 0.6730769230769231 0.10336538461538461 0.10576923076923077
7 0.3088942307692308 0.6418269230769231 0.07692307692307693 0.04326923076923077
7 0.2608173076923077 0.625 0.07451923076923077 0.07451923076923077
7 0.3713942307692308 0.5721153846153846 0.07692307692307693 0.13942307692307693
7 0.421875 0.515625 0.07932692307692307 0.08653846153846154
7 0.4651442307692308 0.6069711538461539 0.10817307692307693 0.07932692307692307
7 0.4831730769230769 0.5372596153846154 0.07211538461538461 0.0625
7 0.5540865384615384 0.5432692307692307 0.09134615384615384 0.07932692307692307
7 0.6129807692307693 0.5612980769230769 0.11057692307692307 0.09134615384615384
7 0.6682692307692307 0.6237980769230769 0.11298076923076923 0.11538461538461539
7 0.8245192307692307 0.7055288461538461 0.08173076923076923 0.1201923076923077
7 0.9206730769230769 0.484375 0.08653846153846154 0.11298076923076923
7 0.7295673076923077 0.5216346153846154 0.09375 0.0985576923076923
7 0.6442307692307693 0.453125 0.11057692307692307 0.09134615384615384
7 0.6382211538461539 0.40865384615384615 0.09134615384615384 0.10336538461538461
7 0.5240384615384616 0.35336538461538464 0.0673076923076923 0.10336538461538461
7 0.47115384615384615 0.35697115384615385 0.07451923076923077 0.09134615384615384
7 0.6165865384615384 0.25 0.07932692307692307 0.0889423076923077
7 0.6826923076923077 0.265625 0.09134615384615384 0.0673076923076923
7 0.6911057692307693 0.3137019230769231 0.12259615384615384 0.10336538461538461
7 0.5865384615384616 0.35697115384615385 0.057692307692307696 0.10096153846153846