7 0.3425480769230769 0.31490384615384615 0.07932692307692307 0.06971153846153846
7 0.24158653846153846 0.38221153846153844 0.0673076923076923 0.0889423076923077
7 0.18389423076923078 0.47596153846153844 0.09134615384615384 0.06490384615384616
7 0.2512019230769231 0.49759615384615385 0.057692307692307696 0.040865384615384616
7 0.23557692307692307 0.5420673076923077 0.0889423076923077 0.0625
7 0.12740384615384615 0.6237980769230769 0.07932692307692307 0.0985576923076923
7 0.21995192307692307 0.6262019230769231 0.11298076923076923 0.09375
7 0.37259615384615385 0.5925480769230769 0.08653846153846154 0.10096153846153846
7 0.31971153846153844 0.6045673076923077 0.04326923076923077 0.057692307692307696
7 0.6141826923076923 0.5432692307692307 0.07692307692307693 0.09615384615384616
7 0.78125 0.5661057692307693 0.07932692307692307 0.08173076923076923
7 0.8413461538461539 0.5769230769230769 0.038461538461538464 0.040865384615384616
7 0.9002403846153846 0.546875 0.10096153846153846 0.0673076923076923