7 0.19831730769230768 0.5048076923076923 0.055288461538461536 0.08653846153846154
7 0.2548076923076923 0.4579326923076923 0.06009615384615385 0.07692307692307693
7 0.27283653846153844 0.5925480769230769 0.07932692307692307 0.0889423076923077
7 0.31850961538461536 0.5637019230769231 0.040865384615384616 0.03125
7 0.36538461538461536 0.6081730769230769 0.06490384615384616 0.09134615384615384
7 0.36538461538461536 0.5564903846153846 0.06009615384615385 0.04807692307692308
7 0.34975961538461536 0.5240384615384616 0.07211538461538461 0.057692307692307696
7 0.47716346153846156 0.65625 0.057692307692307696 0.05048076923076923
7 0.53125 0.6129807692307693 0.057692307692307696 0.06490384615384616
7 0.5528846153846154 0.6382211538461539 0.052884615384615384 0.07211538461538461
7 0.5961538461538461 0.6237980769230769 0.06490384615384616 0.08173076923076923
7 0.7788461538461539 0.5925480769230769 0.08413461538461539 0.0889423076923077
7 0.4483173076923077 0.5432692307692307 0.07932692307692307 0.09615384615384616
7 0.40024038461538464 0.4699519230769231 0.07692307692307693 0.08413461538461539
7 0.3894230769230769 0.38341346153846156 0.06971153846153846 0.06971153846153846
7 0.43149038461538464 0.36658653846153844 0.040865384615384616 0.057692307692307696
7 0.45072115384615385 0.40865384615384615 0.04807692307692308 0.036057692307692304
7 0.4639423076923077 0.42427884615384615 0.06971153846153846 0.06490384615384616
7 0.49759615384615385 0.4050480769230769 0.038461538461538464 0.05048076923076923
7 0.5060096153846154 0.36177884615384615 0.07692307692307693 0.055288461538461536
7 0.4723557692307692 0.35096153846153844 0.03365384615384615 0.0673076923076923
7 0.5408653846153846 0.3245192307692308 0.0625 0.052884615384615384
7 0.6045673076923077 0.32211538461538464 0.08173076923076923 0.06009615384615385
7 0.5877403846153846 0.36658653846153844 0.057692307692307696 0.0625
7 0.5625 0.43149038461538464 0.04807692307692308 0.038461538461538464
7 0.5949519230769231 0.453125 0.08413461538461539 0.0625
7 0.5576923076923077 0.5084134615384616 0.06490384615384616 0.07211538461538461