7 0.02403846153846154 0.390625 0.04807692307692308 0.12740384615384615
7 0.15144230769230768 0.33774038461538464 0.16346153846153846 0.15625
7 0.25961538461538464 0.29086538461538464 0.16105769230769232 0.15384615384615385
7 0.3161057692307692 0.4326923076923077 0.13701923076923078 0.0985576923076923
7 0.17307692307692307 0.5600961538461539 0.18028846153846154 0.10817307692307693
7 0.30528846153846156 0.6262019230769231 0.18990384615384615 0.13942307692307693
7 0.39783653846153844 0.7716346153846154 0.19471153846153846 0.20192307692307693
7 0.4951923076923077 0.6850961538461539 0.125 0.12980769230769232
7 0.3858173076923077 0.47836538461538464 0.16346153846153846 0.15625
7 0.4891826923076923 0.25600961538461536 0.13942307692307693 0.12980769230769232
7 0.4182692307692308 0.33774038461538464 0.14423076923076922 0.12740384615384615
7 0.5805288461538461 0.24519230769230768 0.10096153846153846 0.10096153846153846
7 0.6862980769230769 0.22115384615384615 0.1778846153846154 0.15144230769230768
7 0.5757211538461539 0.3473557692307692 0.0985576923076923 0.0673076923076923
7 0.515625 0.42788461538461536 0.1778846153846154 0.1466346153846154
7 0.6682692307692307 0.34375 0.1201923076923077 0.13221153846153846
7 0.6358173076923077 0.453125 0.12259615384615384 0.15384615384615385
7 0.7331730769230769 0.39903846153846156 0.1201923076923077 0.09615384615384616
7 0.8365384615384616 0.36538461538461536 0.13942307692307693 0.12980769230769232
7 0.9098557692307693 0.6346153846153846 0.1466346153846154 0.15384615384615385