7 0.20793269230769232 0.421875 0.0673076923076923 0.09375
7 0.2764423076923077 0.3918269230769231 0.06971153846153846 0.08413461538461539
7 0.25600961538461536 0.5264423076923077 0.09134615384615384 0.0985576923076923
7 0.3076923076923077 0.5108173076923077 0.04326923076923077 0.036057692307692304
7 0.3401442307692308 0.5673076923076923 0.07932692307692307 0.10096153846153846
7 0.3557692307692308 0.5168269230769231 0.0673076923076923 0.057692307692307696
7 0.3485576923076923 0.4807692307692308 0.07932692307692307 0.06971153846153846
7 0.43509615384615385 0.6442307692307693 0.06490384615384616 0.06009615384615385
7 0.4987980769230769 0.6165865384615384 0.0673076923076923 0.07451923076923077
7 0.5132211538461539 0.6478365384615384 0.06490384615384616 0.07932692307692307
7 0.5588942307692307 0.6454326923076923 0.07692307692307693 0.09134615384615384
7 0.7427884615384616 0.6658653846153846 0.09615384615384616 0.10096153846153846
7 0.4387019230769231 0.5276442307692307 0.09375 0.10576923076923077
7 0.41225961538461536 0.44350961538461536 0.0889423076923077 0.09375
7 0.4254807692307692 0.35697115384615385 0.08173076923076923 0.08173076923076923
7 0.47115384615384615 0.35216346153846156 0.05048076923076923 0.0625
7 0.47716346153846156 0.39903846153846156 0.052884615384615384 0.04326923076923077
7 0.4855769230769231 0.4170673076923077 0.07932692307692307 0.07692307692307693
7 0.5240384615384616 0.4074519230769231 0.04567307692307692 0.055288461538461536
7 0.5444711538461539 0.36778846153846156 0.08413461538461539 0.06490384615384616
7 0.515625 0.34975961538461536 0.04567307692307692 0.06971153846153846
7 0.5877403846153846 0.3425480769230769 0.06971153846153846 0.0625
7 0.6502403846153846 0.3581730769230769 0.0889423076923077 0.07211538461538461
7 0.6213942307692307 0.39663461538461536 0.0673076923076923 0.07211538461538461
7 0.5793269230769231 0.4519230769230769 0.052884615384615384 0.04567307692307692
7 0.6045673076923077 0.4807692307692308 0.09375 0.07451923076923077
7 0.5540865384615384 0.5252403846153846 0.07692307692307693 0.08173076923076923