7 0.11658653846153846 0.19230769230769232 0.08653846153846154 0.10096153846153846
7 0.08052884615384616 0.26322115384615385 0.10336538461538461 0.0889423076923077
7 0.35697115384615385 0.20552884615384615 0.07211538461538461 0.07692307692307693
7 0.5985576923076923 0.27283653846153844 0.03365384615384615 0.07211538461538461
7 0.6586538461538461 0.265625 0.10336538461538461 0.12259615384615384
7 0.13822115384615385 0.39663461538461536 0.07932692307692307 0.1201923076923077
7 0.21153846153846154 0.4050480769230769 0.0985576923076923 0.10336538461538461
7 0.2704326923076923 0.4483173076923077 0.10817307692307693 0.07451923076923077
7 0.3786057692307692 0.3942307692307692 0.11057692307692307 0.11778846153846154
7 0.3233173076923077 0.40625 0.05048076923076923 0.07451923076923077
7 0.30408653846153844 0.5793269230769231 0.11298076923076923 0.11298076923076923
7 0.71875 0.6838942307692307 0.12259615384615384 0.10576923076923077
7 0.8329326923076923 0.6574519230769231 0.09134615384615384 0.08653846153846154
7 0.8173076923076923 0.7367788461538461 0.11057692307692307 0.12980769230769232
7 0.8954326923076923 0.7247596153846154 0.09375 0.10336538461538461