7 0.11658653846153846 0.15504807692307693 0.15384615384615385 0.17067307692307693
7 0.3762019230769231 0.27524038461538464 0.12740384615384615 0.1201923076923077
7 0.2403846153846154 0.3329326923076923 0.16826923076923078 0.10576923076923077
7 0.22235576923076922 0.3858173076923077 0.09615384615384616 0.09375
7 0.24158653846153846 0.453125 0.0985576923076923 0.10096153846153846
7 0.171875 0.4735576923076923 0.11778846153846154 0.09615384615384616
7 0.08774038461538461 0.5120192307692307 0.08173076923076923 0.07692307692307693
7 0.1045673076923077 0.6322115384615384 0.20673076923076922 0.22355769230769232
7 0.2644230769230769 0.5420673076923077 0.09615384615384616 0.15384615384615385
7 0.35096153846153844 0.421875 0.09615384615384616 0.16105769230769232
7 0.4699519230769231 0.41586538461538464 0.1201923076923077 0.09134615384615384
7 0.39302884615384615 0.5240384615384616 0.1466346153846154 0.13221153846153846
7 0.4483173076923077 0.5444711538461539 0.1875 0.14423076923076922
7 0.33774038461538464 0.7403846153846154 0.14182692307692307 0.20432692307692307
7 0.5168269230769231 0.6610576923076923 0.18028846153846154 0.21875
7 0.6490384615384616 0.5612980769230769 0.15144230769230768 0.15144230769230768
7 0.7367788461538461 0.6574519230769231 0.15865384615384615 0.17548076923076922
7 0.7139423076923077 0.6153846153846154 0.0673076923076923 0.11298076923076923
7 0.7944711538461539 0.6105769230769231 0.08653846153846154 0.13701923076923078
7 0.8521634615384616 0.5096153846153846 0.10576923076923077 0.20432692307692307
7 0.8209134615384616 0.5180288461538461 0.06009615384615385 0.10336538461538461
7 0.7824519230769231 0.5384615384615384 0.0673076923076923 0.12259615384615384
7 0.7115384615384616 0.5228365384615384 0.0889423076923077 0.11778846153846154
7 0.6947115384615384 0.39783653846153844 0.08413461538461539 0.14182692307692307
7 0.7355769230769231 0.3557692307692308 0.052884615384615384 0.11778846153846154
7 0.7668269230769231 0.3918269230769231 0.11538461538461539 0.15144230769230768
7 0.8064903846153846 0.2668269230769231 0.10336538461538461 0.11538461538461539
7 0.8197115384615384 0.32091346153846156 0.15384615384615385 0.15144230769230768
7 0.9038461538461539 0.30288461538461536 0.10096153846153846 0.13221153846153846
7 0.9278846153846154 0.2091346153846154 0.0985576923076923 0.11778846153846154
7 0.9435096153846154 0.29086538461538464 0.08413461538461539 0.12980769230769232