7 0.12620192307692307 0.6862980769230769 0.04567307692307692 0.07451923076923077
7 0.1502403846153846 0.5348557692307693 0.055288461538461536 0.04807692307692308
7 0.10817307692307693 0.5300480769230769 0.03365384615384615 0.0625
7 0.3016826923076923 0.5216346153846154 0.057692307692307696 0.06490384615384616
7 0.24278846153846154 0.6574519230769231 0.036057692307692304 0.055288461538461536
7 0.2608173076923077 0.7055288461538461 0.055288461538461536 0.04807692307692308
7 0.30649038461538464 0.6646634615384616 0.038461538461538464 0.0673076923076923
7 0.3317307692307692 0.9579326923076923 0.04567307692307692 0.055288461538461536
7 0.3605769230769231 0.9194711538461539 0.03125 0.036057692307692304
7 0.3701923076923077 0.9819711538461539 0.0625 0.036057692307692304
7 0.4098557692307692 0.9459134615384616 0.03125 0.08413461538461539
7 0.46634615384615385 0.9206730769230769 0.028846153846153848 0.0625
7 0.5132211538461539 0.890625 0.04567307692307692 0.028846153846153848
7 0.5144230769230769 0.8365384615384616 0.038461538461538464 0.028846153846153848
7 0.49038461538461536 0.8016826923076923 0.06490384615384616 0.0673076923076923
7 0.5757211538461539 0.8918269230769231 0.040865384615384616 0.0625
7 0.5612980769230769 0.9675480769230769 0.0673076923076923 0.06490384615384616
7 0.6394230769230769 0.9555288461538461 0.038461538461538464 0.0673076923076923
7 0.6045673076923077 0.8629807692307693 0.038461538461538464 0.036057692307692304
7 0.5625 0.8161057692307693 0.036057692307692304 0.055288461538461536
7 0.6045673076923077 0.8112980769230769 0.04326923076923077 0.0625
7 0.6310096153846154 0.8100961538461539 0.038461538461538464 0.07211538461538461
7 0.6478365384615384 0.7764423076923077 0.028846153846153848 0.057692307692307696
7 0.6177884615384616 0.6165865384615384 0.0625 0.08653846153846154
7 0.6959134615384616 0.625 0.03125 0.07211538461538461
7 0.75 0.5877403846153846 0.04326923076923077 0.05048076923076923
7 0.78125 0.5432692307692307 0.03365384615384615 0.07451923076923077
7 0.8221153846153846 0.5709134615384616 0.0625 0.06009615384615385
7 0.7175480769230769 0.5576923076923077 0.06009615384615385 0.0889423076923077
7 0.6526442307692307 0.5649038461538461 0.052884615384615384 0.09615384615384616
7 0.6875 0.4326923076923077 0.06971153846153846 0.08413461538461539
7 0.7608173076923077 0.41947115384615385 0.06971153846153846 0.07211538461538461
7 0.6598557692307693 0.3641826923076923 0.057692307692307696 0.07451923076923077
7 0.7199519230769231 0.33052884615384615 0.040865384615384616 0.06009615384615385
7 0.734375 0.27283653846153844 0.036057692307692304 0.04326923076923077
7 0.8052884615384616 0.2860576923076923 0.038461538461538464 0.055288461538461536
7 0.7608173076923077 0.09254807692307693 0.04807692307692308 0.08413461538461539
7 0.8425480769230769 0.042067307692307696 0.036057692307692304 0.07211538461538461
7 0.8870192307692307 0.1201923076923077 0.04326923076923077 0.0625
7 0.9158653846153846 0.17067307692307693 0.052884615384615384 0.04567307692307692
7 0.578125 0.06850961538461539 0.04326923076923077 0.052884615384615384
7 0.6033653846153846 0.10576923076923077 0.04807692307692308 0.02403846153846154
7 0.6298076923076923 0.18389423076923078 0.04807692307692308 0.07932692307692307
7 0.6009615384615384 0.1346153846153846 0.04326923076923077 0.06009615384615385
7 0.5228365384615384 0.026442307692307692 0.06490384615384616 0.052884615384615384
7 0.5180288461538461 0.09134615384615384 0.04807692307692308 0.04326923076923077
7 0.5396634615384616 0.13581730769230768 0.04567307692307692 0.05048076923076923
7 0.5516826923076923 0.20072115384615385 0.06490384615384616 0.08173076923076923
7 0.5048076923076923 0.2548076923076923 0.026442307692307692 0.06009615384615385
7 0.4855769230769231 0.23798076923076922 0.05048076923076923 0.06971153846153846
7 0.4543269230769231 0.30408653846153844 0.04807692307692308 0.0889423076923077
7 0.34134615384615385 0.4387019230769231 0.04807692307692308 0.07451923076923077
7 0.36177884615384615 0.4987980769230769 0.04807692307692308 0.06009615384615385
7 0.38461538461538464 0.4519230769230769 0.04326923076923077 0.0625
7 0.4362980769230769 0.4423076923076923 0.04807692307692308 0.040865384615384616
7 0.42788461538461536 0.49759615384615385 0.03125 0.06490384615384616
7 0.4170673076923077 0.5252403846153846 0.03125 0.04567307692307692
7 0.4266826923076923 0.5865384615384616 0.03365384615384615 0.05048076923076923
7 0.43509615384615385 0.5673076923076923 0.036057692307692304 0.04567307692307692
7 0.46274038461538464 0.5973557692307693 0.04326923076923077 0.0673076923076923
7 0.47596153846153844 0.5288461538461539 0.04567307692307692 0.06971153846153846
7 0.4639423076923077 0.49278846153846156 0.03125 0.06971153846153846
7 0.48197115384615385 0.4423076923076923 0.036057692307692304 0.0625
7 0.5204326923076923 0.40384615384615385 0.038461538461538464 0.04807692307692308
7 0.5528846153846154 0.3557692307692308 0.03365384615384615 0.055288461538461536
7 0.5264423076923077 0.45072115384615385 0.04567307692307692 0.057692307692307696
7 0.49759615384615385 0.4951923076923077 0.036057692307692304 0.052884615384615384