7 0.12860576923076922 0.14182692307692307 0.1466346153846154 0.1658653846153846
7 0.38341346153846156 0.2704326923076923 0.125 0.11778846153846154
7 0.24639423076923078 0.3233173076923077 0.16346153846153846 0.0985576923076923
7 0.22596153846153846 0.3762019230769231 0.09375 0.0889423076923077
7 0.24278846153846154 0.44350961538461536 0.09375 0.09615384615384616
7 0.17307692307692307 0.46153846153846156 0.11538461538461539 0.09375
7 0.08774038461538461 0.49759615384615385 0.07932692307692307 0.07451923076923077
7 0.09975961538461539 0.6189903846153846 0.19951923076923078 0.21875
7 0.26322115384615385 0.5336538461538461 0.09134615384615384 0.15144230769230768
7 0.3545673076923077 0.4170673076923077 0.09134615384615384 0.15865384615384615
7 0.4723557692307692 0.41466346153846156 0.11778846153846154 0.0889423076923077
7 0.39302884615384615 0.5204326923076923 0.14423076923076922 0.12740384615384615
7 0.44711538461538464 0.5432692307692307 0.18269230769230768 0.13942307692307693
7 0.3293269230769231 0.734375 0.1346153846153846 0.20192307692307693
7 0.5120192307692307 0.6622596153846154 0.17307692307692307 0.21153846153846154
7 0.6466346153846154 0.5673076923076923 0.1466346153846154 0.1466346153846154
7 0.7307692307692307 0.6646634615384616 0.15144230769230768 0.17067307692307693
7 0.7103365384615384 0.6225961538461539 0.06490384615384616 0.11057692307692307
7 0.7908653846153846 0.6213942307692307 0.08173076923076923 0.1346153846153846
7 0.8521634615384616 0.5216346153846154 0.0985576923076923 0.20192307692307693
7 0.8197115384615384 0.5300480769230769 0.055288461538461536 0.10336538461538461
7 0.78125 0.5480769230769231 0.06490384615384616 0.1201923076923077
7 0.7103365384615384 0.5300480769230769 0.08653846153846154 0.11538461538461539
7 0.6983173076923077 0.4050480769230769 0.07932692307692307 0.13942307692307693
7 0.7403846153846154 0.3641826923076923 0.05048076923076923 0.11778846153846154
7 0.7704326923076923 0.4014423076923077 0.11057692307692307 0.1466346153846154
7 0.8149038461538461 0.2776442307692308 0.10096153846153846 0.11057692307692307
7 0.8257211538461539 0.3317307692307692 0.14903846153846154 0.1466346153846154
7 0.9110576923076923 0.3173076923076923 0.09615384615384616 0.12740384615384615
7 0.9375 0.22355769230769232 0.09615384615384616 0.11298076923076923
7 0.9507211538461539 0.30649038461538464 0.07932692307692307 0.12740384615384615