7 0.140625 0.2956730769230769 0.18990384615384615 0.17548076923076922
7 0.25961538461538464 0.3473557692307692 0.0985576923076923 0.07211538461538461
7 0.2536057692307692 0.4423076923076923 0.08653846153846154 0.12259615384615384
7 0.1935096153846154 0.42788461538461536 0.17307692307692307 0.13221153846153846
7 0.1935096153846154 0.5745192307692307 0.1658653846153846 0.25
7 0.2920673076923077 0.7379807692307693 0.1346153846153846 0.13221153846153846
7 0.34975961538461536 0.6237980769230769 0.15865384615384615 0.20673076923076922
7 0.46153846153846156 0.6153846153846154 0.11538461538461539 0.13942307692307693
7 0.3942307692307692 0.4855769230769231 0.18028846153846154 0.15144230769230768
7 0.3629807692307692 0.39783653846153844 0.14182692307692307 0.14182692307692307
7 0.5745192307692307 0.484375 0.19230769230769232 0.15384615384615385
7 0.5709134615384616 0.6069711538461539 0.12980769230769232 0.11538461538461539
7 0.7283653846153846 0.6430288461538461 0.21394230769230768 0.29086538461538464
7 0.8689903846153846 0.5853365384615384 0.17548076923076922 0.22115384615384615
7 0.8762019230769231 0.4723557692307692 0.10576923076923077 0.14182692307692307