7 0.11899038461538461 0.7067307692307693 0.10576923076923077 0.0985576923076923
7 0.40024038461538464 0.6658653846153846 0.07451923076923077 0.07692307692307693
7 0.4579326923076923 0.6310096153846154 0.0625 0.0625
7 0.5757211538461539 0.6237980769230769 0.04567307692307692 0.0673076923076923
7 0.6526442307692307 0.6322115384615384 0.07451923076923077 0.08173076923076923
7 0.7764423076923077 0.48197115384615385 0.06490384615384616 0.04807692307692308
7 0.9579326923076923 0.5120192307692307 0.08413461538461539 0.08653846153846154
7 0.6346153846153846 0.4567307692307692 0.057692307692307696 0.055288461538461536
7 0.6478365384615384 0.4230769230769231 0.057692307692307696 0.04567307692307692
7 0.5685096153846154 0.41586538461538464 0.057692307692307696 0.0625
7 0.3798076923076923 0.4338942307692308 0.05048076923076923 0.07211538461538461
7 0.3870192307692308 0.46033653846153844 0.028846153846153848 0.04807692307692308
7 0.4254807692307692 0.4675480769230769 0.09134615384615384 0.06971153846153846
7 0.43509615384615385 0.43149038461538464 0.057692307692307696 0.0673076923076923
7 0.2824519230769231 0.35697115384615385 0.07451923076923077 0.07932692307692307
7 0.25721153846153844 0.2920673076923077 0.0625 0.08173076923076923
7 0.25961538461538464 0.2127403846153846 0.057692307692307696 0.0625
7 0.2956730769230769 0.30649038461538464 0.055288461538461536 0.057692307692307696
7 0.3317307692307692 0.30408653846153844 0.03125 0.055288461538461536
7 0.3629807692307692 0.3004807692307692 0.03125 0.04326923076923077
7 0.4074519230769231 0.28365384615384615 0.0889423076923077 0.08413461538461539
7 0.484375 0.2860576923076923 0.052884615384615384 0.06009615384615385