7 0.16346153846153846 0.8161057692307693 0.04807692307692308 0.06971153846153846
7 0.21634615384615385 0.8173076923076923 0.036057692307692304 0.055288461538461536
7 0.18870192307692307 0.7524038461538461 0.04807692307692308 0.055288461538461536
7 0.22115384615384615 0.6538461538461539 0.036057692307692304 0.04326923076923077
7 0.3245192307692308 0.5889423076923077 0.038461538461538464 0.05048076923076923
7 0.2860576923076923 0.4891826923076923 0.03365384615384615 0.04807692307692308
7 0.24759615384615385 0.47836538461538464 0.040865384615384616 0.04326923076923077
7 0.21875 0.4951923076923077 0.028846153846153848 0.038461538461538464
7 0.1935096153846154 0.4338942307692308 0.04567307692307692 0.055288461538461536
7 0.2247596153846154 0.41225961538461536 0.052884615384615384 0.06009615384615385
7 0.4795673076923077 0.29927884615384615 0.040865384615384616 0.057692307692307696
7 0.59375 0.3449519230769231 0.03125 0.052884615384615384
7 0.6286057692307693 0.3425480769230769 0.055288461538461536 0.057692307692307696
7 0.5625 0.21875 0.03365384615384615 0.03365384615384615
7 0.5757211538461539 0.1814903846153846 0.07211538461538461 0.06490384615384616
7 0.734375 0.6081730769230769 0.04567307692307692 0.06009615384615385
7 0.7283653846153846 0.6538461538461539 0.06490384615384616 0.057692307692307696
7 0.7800480769230769 0.7163461538461539 0.04567307692307692 0.05048076923076923
7 0.7584134615384616 0.7548076923076923 0.04807692307692308 0.04807692307692308
7 0.7427884615384616 0.7752403846153846 0.07451923076923077 0.0889423076923077