7 0.15745192307692307 0.4170673076923077 0.11778846153846154 0.14903846153846154
7 0.12980769230769232 0.5348557692307693 0.0985576923076923 0.0985576923076923
7 0.18028846153846154 0.6117788461538461 0.15144230769230768 0.16105769230769232
7 0.24639423076923078 0.5276442307692307 0.057692307692307696 0.08413461538461539
7 0.3329326923076923 0.44711538461538464 0.11778846153846154 0.14903846153846154
7 0.3605769230769231 0.35697115384615385 0.09615384615384616 0.11298076923076923
7 0.41586538461538464 0.2127403846153846 0.0889423076923077 0.1201923076923077
7 0.6081730769230769 0.109375 0.07692307692307693 0.10817307692307693
7 0.5853365384615384 0.1814903846153846 0.08653846153846154 0.11778846153846154
7 0.42908653846153844 0.4987980769230769 0.13221153846153846 0.13942307692307693
7 0.6021634615384616 0.4375 0.13221153846153846 0.2091346153846154
7 0.5288461538461539 0.6069711538461539 0.09134615384615384 0.08413461538461539
7 0.5480769230769231 0.6358173076923077 0.11538461538461539 0.1201923076923077
7 0.4855769230769231 0.7067307692307693 0.10817307692307693 0.08653846153846154
7 0.6742788461538461 0.4675480769230769 0.09134615384615384 0.13942307692307693
7 0.7211538461538461 0.48197115384615385 0.11298076923076923 0.15625
7 0.8473557692307693 0.4206730769230769 0.10817307692307693 0.15625
7 0.5192307692307693 0.8209134615384616 0.10336538461538461 0.17067307692307693
7 0.6117788461538461 0.7415865384615384 0.10576923076923077 0.07451923076923077
7 0.6706730769230769 0.6298076923076923 0.08653846153846154 0.11538461538461539
7 0.7127403846153846 0.7860576923076923 0.17067307692307693 0.1971153846153846
7 0.6646634615384616 0.9146634615384616 0.1201923076923077 0.13701923076923078
7 0.7019230769230769 0.9471153846153846 0.08173076923076923 0.10576923076923077