7 0.2644230769230769 0.2824519230769231 0.040865384615384616 0.038461538461538464
7 0.34134615384615385 0.28966346153846156 0.026442307692307692 0.040865384615384616
7 0.46033653846153844 0.2704326923076923 0.021634615384615384 0.03125
7 0.49038461538461536 0.3161057692307692 0.038461538461538464 0.03125
7 0.6021634615384616 0.3786057692307692 0.028846153846153848 0.04807692307692308
7 0.5985576923076923 0.31850961538461536 0.028846153846153848 0.038461538461538464
7 0.625 0.3076923076923077 0.016826923076923076 0.036057692307692304
7 0.6466346153846154 0.30288461538461536 0.016826923076923076 0.02403846153846154
7 0.6598557692307693 0.33413461538461536 0.016826923076923076 0.02403846153846154
7 0.671875 0.3076923076923077 0.016826923076923076 0.03365384615384615
7 0.6935096153846154 0.32211538461538464 0.019230769230769232 0.03125
7 0.7151442307692307 0.33774038461538464 0.021634615384615384 0.04807692307692308
7 0.6754807692307693 0.34375 0.028846153846153848 0.036057692307692304
7 0.6935096153846154 0.3401442307692308 0.016826923076923076 0.038461538461538464
7 0.5168269230769231 0.3870192307692308 0.036057692307692304 0.055288461538461536
7 0.40384615384615385 0.3858173076923077 0.04326923076923077 0.040865384615384616
7 0.41466346153846156 0.4182692307692308 0.038461538461538464 0.04326923076923077
7 0.2800480769230769 0.5324519230769231 0.052884615384615384 0.05048076923076923
7 0.296875 0.5552884615384616 0.036057692307692304 0.055288461538461536
7 0.3858173076923077 0.5408653846153846 0.036057692307692304 0.040865384615384616
7 0.5625 0.5733173076923077 0.04567307692307692 0.06009615384615385
7 0.3858173076923077 0.6237980769230769 0.04326923076923077 0.04567307692307692
7 0.4230769230769231 0.6370192307692307 0.028846153846153848 0.04807692307692308
7 0.4543269230769231 0.6274038461538461 0.04326923076923077 0.04326923076923077
7 0.47836538461538464 0.6346153846153846 0.03125 0.036057692307692304
7 0.5180288461538461 0.6370192307692307 0.057692307692307696 0.040865384615384616
7 0.5084134615384616 0.6826923076923077 0.04326923076923077 0.04567307692307692