7 0.10697115384615384 0.34134615384615385 0.04326923076923077 0.057692307692307696
7 0.140625 0.30408653846153844 0.03365384615384615 0.05048076923076923
7 0.2247596153846154 0.3293269230769231 0.040865384615384616 0.05048076923076923
7 0.3545673076923077 0.25961538461538464 0.026442307692307692 0.040865384615384616
7 0.32211538461538464 0.2860576923076923 0.04326923076923077 0.04567307692307692
7 0.28365384615384615 0.33653846153846156 0.03125 0.0625
7 0.265625 0.3233173076923077 0.026442307692307692 0.03125
7 0.34134615384615385 0.3581730769230769 0.052884615384615384 0.04567307692307692
7 0.47836538461538464 0.37740384615384615 0.028846153846153848 0.038461538461538464
7 0.5072115384615384 0.36899038461538464 0.03365384615384615 0.03365384615384615
7 0.5240384615384616 0.39783653846153844 0.055288461538461536 0.04567307692307692
7 0.5637019230769231 0.35697115384615385 0.04326923076923077 0.05048076923076923
7 0.546875 0.3161057692307692 0.06009615384615385 0.04326923076923077
7 0.5997596153846154 0.28725961538461536 0.06490384615384616 0.057692307692307696
7 0.6153846153846154 0.31971153846153844 0.038461538461538464 0.038461538461538464
7 0.7151442307692307 0.28125 0.028846153846153848 0.040865384615384616
7 0.8629807692307693 0.24759615384615385 0.04807692307692308 0.05048076923076923
7 0.8449519230769231 0.39783653846153844 0.03365384615384615 0.07692307692307693
7 0.7860576923076923 0.4206730769230769 0.038461538461538464 0.055288461538461536
7 0.7548076923076923 0.4639423076923077 0.036057692307692304 0.05048076923076923
7 0.7728365384615384 0.5216346153846154 0.06009615384615385 0.052884615384615384
7 0.7019230769230769 0.6490384615384616 0.06971153846153846 0.0889423076923077
7 0.35216346153846156 0.6322115384615384 0.055288461538461536 0.06971153846153846