7 0.078125 0.24879807692307693 0.08653846153846154 0.10096153846153846
7 0.051682692307692304 0.3245192307692308 0.10336538461538461 0.0889423076923077
7 0.3173076923076923 0.2283653846153846 0.07211538461538461 0.07692307692307693
7 0.5661057692307693 0.2620192307692308 0.03365384615384615 0.07211538461538461
7 0.6237980769230769 0.24519230769230768 0.10336538461538461 0.12259615384615384
7 0.12740384615384615 0.4483173076923077 0.07932692307692307 0.1201923076923077
7 0.20072115384615385 0.44591346153846156 0.0985576923076923 0.10336538461538461
7 0.2644230769230769 0.4807692307692308 0.10817307692307693 0.07451923076923077
7 0.36538461538461536 0.41225961538461536 0.11057692307692307 0.11778846153846154
7 0.3125 0.43149038461538464 0.05048076923076923 0.07451923076923077
7 0.3173076923076923 0.6057692307692307 0.11298076923076923 0.11298076923076923
7 0.7415865384615384 0.6514423076923077 0.12259615384615384 0.10576923076923077
7 0.8509615384615384 0.609375 0.09134615384615384 0.08653846153846154
7 0.8473557692307693 0.6899038461538461 0.11057692307692307 0.12980769230769232
7 0.9230769230769231 0.6682692307692307 0.09375 0.10336538461538461