7 0.1045673076923077 0.30408653846153844 0.07211538461538461 0.07211538461538461
7 0.11298076923076923 0.4206730769230769 0.038461538461538464 0.06971153846153846
7 0.6394230769230769 0.11778846153846154 0.05048076923076923 0.055288461538461536
7 0.4098557692307692 0.5048076923076923 0.0625 0.09615384615384616
7 0.3004807692307692 0.7271634615384616 0.11057692307692307 0.08653846153846154
7 0.4050480769230769 0.6538461538461539 0.07211538461538461 0.08173076923076923
7 0.46274038461538464 0.6177884615384616 0.04326923076923077 0.055288461538461536
7 0.48677884615384615 0.6646634615384616 0.07692307692307693 0.06009615384615385
7 0.5829326923076923 0.5372596153846154 0.05048076923076923 0.06490384615384616
7 0.6310096153846154 0.5108173076923077 0.05048076923076923 0.08173076923076923
7 0.625 0.6286057692307693 0.04807692307692308 0.07211538461538461
7 0.7151442307692307 0.5012019230769231 0.07211538461538461 0.09375
7 0.7944711538461539 0.5264423076923077 0.10576923076923077 0.07692307692307693
7 0.78125 0.5817307692307693 0.038461538461538464 0.07211538461538461
7 0.96875 0.4795673076923077 0.040865384615384616 0.06490384615384616
7 0.23557692307692307 0.5384615384615384 0.040865384615384616 0.07692307692307693