7 0.1141826923076923 0.4375 0.0985576923076923 0.09615384615384616
7 0.18028846153846154 0.34375 0.11057692307692307 0.1466346153846154
7 0.22115384615384615 0.6045673076923077 0.10817307692307693 0.11778846153846154
7 0.27524038461538464 0.5997596153846154 0.08413461538461539 0.08653846153846154
7 0.23317307692307693 0.546875 0.0889423076923077 0.07211538461538461
7 0.35096153846153844 0.5264423076923077 0.0985576923076923 0.11778846153846154
7 0.42788461538461536 0.5048076923076923 0.07211538461538461 0.057692307692307696
7 0.47596153846153844 0.53125 0.05048076923076923 0.0625
7 0.4170673076923077 0.546875 0.057692307692307696 0.04807692307692308
7 0.4495192307692308 0.6021634615384616 0.0985576923076923 0.09375
7 0.5372596153846154 0.5528846153846154 0.10576923076923077 0.07692307692307693
7 0.5889423076923077 0.5925480769230769 0.11538461538461539 0.08413461538461539
7 0.6189903846153846 0.6622596153846154 0.11057692307692307 0.09134615384615384
7 0.7644230769230769 0.7860576923076923 0.11778846153846154 0.11298076923076923
7 0.8918269230769231 0.5829326923076923 0.10576923076923077 0.0889423076923077
7 0.7115384615384616 0.5889423076923077 0.10576923076923077 0.09375
7 0.6514423076923077 0.5072115384615384 0.10336538461538461 0.09134615384615384
7 0.6466346153846154 0.42908653846153844 0.0889423076923077 0.08413461538461539
7 0.6298076923076923 0.38221153846153844 0.055288461538461536 0.0625
7 0.5685096153846154 0.3762019230769231 0.10096153846153846 0.11538461538461539
7 0.5036057692307693 0.3473557692307692 0.07451923076923077 0.07692307692307693
7 0.6802884615384616 0.2920673076923077 0.10336538461538461 0.10817307692307693
7 0.71875 0.3293269230769231 0.07451923076923077 0.057692307692307696
7 0.7223557692307693 0.38822115384615385 0.1346153846153846 0.0985576923076923