7 0.46153846153846156 0.7920673076923077 0.24759615384615385 0.21153846153846154
7 0.6502403846153846 0.6850961538461539 0.18269230769230768 0.18990384615384615
7 0.8329326923076923 0.7295673076923077 0.2860576923076923 0.2932692307692308
7 0.7259615384615384 0.5444711538461539 0.16346153846153846 0.15625
7 0.6213942307692307 0.5192307692307693 0.12980769230769232 0.125
7 0.7067307692307693 0.4795673076923077 0.11538461538461539 0.09375
7 0.5012019230769231 0.6153846153846154 0.19471153846153846 0.16105769230769232
7 0.40384615384615385 0.5456730769230769 0.14423076923076922 0.1346153846153846
7 0.29447115384615385 0.5444711538461539 0.15625 0.12980769230769232
7 0.3701923076923077 0.4831730769230769 0.07451923076923077 0.08413461538461539
7 0.4266826923076923 0.47836538461538464 0.12980769230769232 0.09615384615384616
7 0.5012019230769231 0.5300480769230769 0.13701923076923078 0.1201923076923077
7 0.5637019230769231 0.46033653846153844 0.10817307692307693 0.11057692307692307
7 0.6105769230769231 0.43509615384615385 0.11057692307692307 0.0985576923076923
7 0.5180288461538461 0.42788461538461536 0.09134615384615384 0.09615384615384616
7 0.45552884615384615 0.39903846153846156 0.055288461538461536 0.0673076923076923
7 0.41586538461538464 0.4206730769230769 0.07692307692307693 0.08173076923076923
7 0.49158653846153844 0.38100961538461536 0.055288461538461536 0.06490384615384616
7 0.40625 0.3701923076923077 0.07211538461538461 0.052884615384615384
7 0.43149038461538464 0.34615384615384615 0.07692307692307693 0.07692307692307693
7 0.4567307692307692 0.3161057692307692 0.052884615384615384 0.052884615384615384