7 0.3629807692307692 0.7247596153846154 0.27403846153846156 0.31490384615384615
7 0.17668269230769232 0.5360576923076923 0.13701923076923078 0.15384615384615385
7 0.2920673076923077 0.5492788461538461 0.0625 0.06490384615384616
7 0.35096153846153844 0.5216346153846154 0.06490384615384616 0.08173076923076923
7 0.390625 0.46033653846153844 0.0673076923076923 0.09375
7 0.4519230769230769 0.46153846153846156 0.04807692307692308 0.07692307692307693
7 0.5180288461538461 0.46634615384615385 0.0673076923076923 0.07211538461538461
7 0.5865384615384616 0.4651442307692308 0.07692307692307693 0.09375
7 0.6935096153846154 0.4483173076923077 0.07932692307692307 0.10576923076923077
7 0.453125 0.39663461538461536 0.016826923076923076 0.019230769230769232
7 0.4963942307692308 0.3954326923076923 0.009615384615384616 0.016826923076923076
7 0.5084134615384616 0.39783653846153844 0.009615384615384616 0.01201923076923077
7 0.5120192307692307 0.3918269230769231 0.009615384615384616 0.009615384615384616
7 0.5216346153846154 0.3954326923076923 0.009615384615384616 0.014423076923076924
7 0.5264423076923077 0.3918269230769231 0.014423076923076924 0.02403846153846154
7 0.5372596153846154 0.3894230769230769 0.014423076923076924 0.021634615384615384
7 0.5420673076923077 0.39783653846153844 0.014423076923076924 0.016826923076923076
7 0.5492788461538461 0.39302884615384615 0.016826923076923076 0.026442307692307692
7 0.5576923076923077 0.3894230769230769 0.014423076923076924 0.021634615384615384
7 0.5661057692307693 0.3894230769230769 0.007211538461538462 0.019230769230769232
7 0.5745192307692307 0.3918269230769231 0.009615384615384616 0.009615384615384616