7 0.16826923076923078 0.2091346153846154 0.07451923076923077 0.07451923076923077
7 0.1466346153846154 0.3233173076923077 0.040865384615384616 0.07211538461538461
7 0.734375 0.16706730769230768 0.052884615384615384 0.057692307692307696
7 0.41225961538461536 0.4807692307692308 0.0673076923076923 0.0985576923076923
7 0.24879807692307693 0.6682692307692307 0.11298076923076923 0.09134615384615384
7 0.36899038461538464 0.6237980769230769 0.07692307692307693 0.08413461538461539
7 0.4338942307692308 0.6033653846153846 0.04567307692307692 0.055288461538461536
7 0.44471153846153844 0.6550480769230769 0.07932692307692307 0.0625
7 0.5697115384615384 0.5576923076923077 0.052884615384615384 0.0673076923076923
7 0.6237980769230769 0.5432692307692307 0.055288461538461536 0.08173076923076923
7 0.5877403846153846 0.65625 0.05048076923076923 0.07211538461538461
7 0.7079326923076923 0.5576923076923077 0.07451923076923077 0.09615384615384616
7 0.7776442307692307 0.6009615384615384 0.10817307692307693 0.08173076923076923
7 0.7512019230769231 0.6514423076923077 0.040865384615384616 0.07451923076923077
7 0.9579326923076923 0.6021634615384616 0.04326923076923077 0.0673076923076923
7 0.234375 0.46875 0.04567307692307692 0.07932692307692307