7 0.26322115384615385 0.421875 0.03125 0.036057692307692304
7 0.31971153846153844 0.296875 0.02403846153846154 0.03365384615384615
7 0.3545673076923077 0.27283653846153844 0.028846153846153848 0.028846153846153848
7 0.35216346153846156 0.2848557692307692 0.016826923076923076 0.019230769230769232
7 0.3557692307692308 0.3076923076923077 0.021634615384615384 0.026442307692307692
7 0.3473557692307692 0.33533653846153844 0.03125 0.026442307692307692
7 0.3918269230769231 0.2848557692307692 0.026442307692307692 0.026442307692307692
7 0.4110576923076923 0.29927884615384615 0.026442307692307692 0.019230769230769232
7 0.5 0.3701923076923077 0.009615384615384616 0.028846153846153848
7 0.4951923076923077 0.2800480769230769 0.036057692307692304 0.028846153846153848
7 0.515625 0.25 0.03125 0.038461538461538464
7 0.6045673076923077 0.36658653846153844 0.019230769230769232 0.02403846153846154
7 0.6658653846153846 0.3016826923076923 0.019230769230769232 0.014423076923076924
7 0.7668269230769231 0.29086538461538464 0.038461538461538464 0.03365384615384615
7 0.5024038461538461 0.4651442307692308 0.05048076923076923 0.038461538461538464
7 0.5949519230769231 0.44471153846153844 0.002403846153846154 0.002403846153846154