7 0.1502403846153846 0.1935096153846154 0.10336538461538461 0.14182692307692307
7 0.10817307692307693 0.2920673076923077 0.13701923076923078 0.125
7 0.2247596153846154 0.25600961538461536 0.19230769230769232 0.15625
7 0.15264423076923078 0.42427884615384615 0.14903846153846154 0.18028846153846154
7 0.2536057692307692 0.35096153846153844 0.13701923076923078 0.13221153846153846
7 0.36658653846153844 0.3317307692307692 0.1658653846153846 0.16346153846153846
7 0.484375 0.25 0.17307692307692307 0.16346153846153846
7 0.6081730769230769 0.32091346153846156 0.21875 0.1971153846153846
7 0.4891826923076923 0.4483173076923077 0.12980769230769232 0.15625
7 0.7692307692307693 0.4182692307692308 0.15625 0.22355769230769232
7 0.640625 0.47475961538461536 0.17548076923076922 0.18269230769230768
7 0.5901442307692307 0.5913461538461539 0.16346153846153846 0.20432692307692307
7 0.4387019230769231 0.5985576923076923 0.1875 0.16346153846153846
7 0.5552884615384616 0.7391826923076923 0.23557692307692307 0.25240384615384615
7 0.8353365384615384 0.5360576923076923 0.2620192307692308 0.23798076923076922
7 0.7439903846153846 0.6538461538461539 0.09615384615384616 0.1201923076923077
7 0.7896634615384616 0.7668269230769231 0.23317307692307693 0.2764423076923077