7 0.1201923076923077 0.234375 0.07692307692307693 0.0673076923076923
7 0.1778846153846154 0.3016826923076923 0.10096153846153846 0.10817307692307693
7 0.21033653846153846 0.25721153846153844 0.0985576923076923 0.11057692307692307
7 0.2704326923076923 0.2692307692307692 0.10817307692307693 0.11538461538461539
7 0.24759615384615385 0.35336538461538464 0.0673076923076923 0.11778846153846154
7 0.2644230769230769 0.4375 0.08173076923076923 0.0985576923076923
7 0.31490384615384615 0.36899038461538464 0.10096153846153846 0.09615384615384616
7 0.34375 0.3605769230769231 0.11057692307692307 0.10817307692307693
7 0.3473557692307692 0.3137019230769231 0.07211538461538461 0.07692307692307693
7 0.34375 0.46875 0.10336538461538461 0.16105769230769232
7 0.42788461538461536 0.4206730769230769 0.11057692307692307 0.14903846153846154
7 0.47836538461538464 0.4891826923076923 0.13221153846153846 0.1658653846153846
7 0.5372596153846154 0.4987980769230769 0.12980769230769232 0.16346153846153846
7 0.5961538461538461 0.4567307692307692 0.125 0.1658653846153846
7 0.6766826923076923 0.4723557692307692 0.11057692307692307 0.11538461538461539
7 0.65625 0.5841346153846154 0.16346153846153846 0.21875
7 0.7548076923076923 0.5576923076923077 0.11538461538461539 0.1346153846153846
7 0.8269230769230769 0.5084134615384616 0.09615384615384616 0.13221153846153846
7 0.8954326923076923 0.6045673076923077 0.1466346153846154 0.1658653846153846