7 0.20072115384615385 0.38822115384615385 0.10096153846153846 0.16346153846153846
7 0.109375 0.6262019230769231 0.15384615384615385 0.18509615384615385
7 0.40024038461538464 0.6502403846153846 0.12740384615384615 0.11538461538461539
7 0.44591346153846156 0.7632211538461539 0.13942307692307693 0.12980769230769232
7 0.5300480769230769 0.4387019230769231 0.12980769230769232 0.12259615384615384
7 0.625 0.5817307692307693 0.11298076923076923 0.09134615384615384
7 0.6370192307692307 0.5276442307692307 0.125 0.10096153846153846
7 0.7151442307692307 0.4675480769230769 0.09375 0.0985576923076923
7 0.7151442307692307 0.4014423076923077 0.09134615384615384 0.11057692307692307
7 0.7956730769230769 0.35096153846153844 0.07932692307692307 0.13701923076923078
7 0.9447115384615384 0.3605769230769231 0.09375 0.12980769230769232
7 0.7439903846153846 0.25841346153846156 0.04807692307692308 0.09134615384615384
7 0.7175480769230769 0.2091346153846154 0.0673076923076923 0.08653846153846154
7 0.6814903846153846 0.2439903846153846 0.03365384615384615 0.06971153846153846
7 0.6634615384615384 0.20192307692307693 0.07932692307692307 0.13221153846153846
7 0.6033653846153846 0.11899038461538461 0.08173076923076923 0.1346153846153846
7 0.6887019230769231 0.0985576923076923 0.05048076923076923 0.09134615384615384
7 0.7824519230769231 0.07091346153846154 0.06009615384615385 0.06490384615384616
7 0.8209134615384616 0.1502403846153846 0.06009615384615385 0.09615384615384616
7 0.7584134615384616 0.15384615384615385 0.06490384615384616 0.09375