7 0.32211538461538464 0.015625 0.04326923076923077 0.03125
7 0.2980769230769231 0.33774038461538464 0.03125 0.04326923076923077
7 0.3762019230769231 0.29447115384615385 0.036057692307692304 0.05048076923076923
7 0.4579326923076923 0.22596153846153846 0.04326923076923077 0.057692307692307696
7 0.3545673076923077 0.33533653846153844 0.04326923076923077 0.057692307692307696
7 0.3112980769230769 0.3737980769230769 0.055288461538461536 0.04807692307692308
7 0.29927884615384615 0.41586538461538464 0.038461538461538464 0.06009615384615385
7 0.23557692307692307 0.44711538461538464 0.038461538461538464 0.06009615384615385
7 0.2668269230769231 0.4951923076923077 0.02403846153846154 0.040865384615384616
7 0.2848557692307692 0.4543269230769231 0.04807692307692308 0.04567307692307692
7 0.3137019230769231 0.47836538461538464 0.028846153846153848 0.04567307692307692
7 0.328125 0.44350961538461536 0.036057692307692304 0.06009615384615385
7 0.421875 0.38341346153846156 0.04326923076923077 0.08413461538461539
7 0.6502403846153846 0.3858173076923077 0.02403846153846154 0.040865384615384616
7 0.6358173076923077 0.43990384615384615 0.021634615384615384 0.04807692307692308
7 0.6334134615384616 0.4951923076923077 0.02403846153846154 0.040865384615384616
7 0.6466346153846154 0.5096153846153846 0.03125 0.057692307692307696
7 0.484375 0.7091346153846154 0.040865384615384616 0.057692307692307696
7 0.71875 0.44350961538461536 0.055288461538461536 0.06009615384615385
7 0.7848557692307693 0.40625 0.028846153846153848 0.04807692307692308
7 0.7932692307692307 0.3293269230769231 0.028846153846153848 0.036057692307692304
7 0.7680288461538461 0.4891826923076923 0.036057692307692304 0.05048076923076923
7 0.7764423076923077 0.5012019230769231 0.05048076923076923 0.06490384615384616
7 0.9086538461538461 0.46153846153846156 0.03125 0.04807692307692308
7 0.9134615384615384 0.5060096153846154 0.03365384615384615 0.04567307692307692