7 0.04567307692307692 0.41225961538461536 0.07211538461538461 0.0625
7 0.125 0.45072115384615385 0.09615384615384616 0.10336538461538461
7 0.13581730769230768 0.3954326923076923 0.09375 0.10576923076923077
7 0.19591346153846154 0.38221153846153844 0.10336538461538461 0.11298076923076923
7 0.21033653846153846 0.4675480769230769 0.06009615384615385 0.11538461538461539
7 0.25961538461538464 0.5384615384615384 0.07692307692307693 0.09615384615384616
7 0.2776442307692308 0.4567307692307692 0.09615384615384616 0.09375
7 0.3004807692307692 0.4362980769230769 0.10576923076923077 0.10336538461538461
7 0.2848557692307692 0.3918269230769231 0.0673076923076923 0.07451923076923077
7 0.3449519230769231 0.5348557692307693 0.09375 0.15865384615384615
7 0.4014423076923077 0.4567307692307692 0.10336538461538461 0.14423076923076922
7 0.47596153846153844 0.5 0.12259615384615384 0.16105769230769232
7 0.5336538461538461 0.484375 0.12259615384615384 0.15865384615384615
7 0.5709134615384616 0.421875 0.11538461538461539 0.16346153846153846
7 0.6502403846153846 0.4026442307692308 0.10336538461538461 0.11057692307692307
7 0.6766826923076923 0.5132211538461539 0.15144230769230768 0.21153846153846154
7 0.7560096153846154 0.4483173076923077 0.10817307692307693 0.12980769230769232
7 0.8028846153846154 0.375 0.0889423076923077 0.12740384615384615
7 0.9038461538461539 0.43509615384615385 0.13942307692307693 0.15865384615384615