7 0.027644230769230768 0.15264423076923078 0.055288461538461536 0.06971153846153846
7 0.07572115384615384 0.20432692307692307 0.1201923076923077 0.11538461538461539
7 0.10576923076923077 0.1310096153846154 0.08173076923076923 0.10576923076923077
7 0.16346153846153846 0.14423076923076922 0.09615384615384616 0.15625
7 0.2644230769230769 0.0889423076923077 0.13701923076923078 0.11538461538461539
7 0.4891826923076923 0.03365384615384615 0.13221153846153846 0.0673076923076923
7 0.5841346153846154 0.040865384615384616 0.09134615384615384 0.08173076923076923
7 0.6418269230769231 0.019230769230769232 0.0673076923076923 0.038461538461538464
7 0.734375 0.019230769230769232 0.0889423076923077 0.038461538461538464
7 0.7139423076923077 0.07572115384615384 0.13942307692307693 0.14182692307692307
7 0.53125 0.16346153846153846 0.1346153846153846 0.15865384615384615
7 0.29086538461538464 0.23557692307692307 0.14182692307692307 0.11538461538461539
7 0.36778846153846156 0.3112980769230769 0.13221153846153846 0.08653846153846154
7 0.44471153846153844 0.33653846153846156 0.15144230769230768 0.14423076923076922
7 0.4266826923076923 0.26802884615384615 0.10817307692307693 0.11057692307692307
7 0.6826923076923077 0.25961538461538464 0.13942307692307693 0.11057692307692307
7 0.6286057692307693 0.421875 0.0985576923076923 0.13942307692307693
7 0.5456730769230769 0.4266826923076923 0.06971153846153846 0.10576923076923077
7 0.4855769230769231 0.47836538461538464 0.07451923076923077 0.10817307692307693
7 0.39903846153846156 0.4963942307692308 0.14423076923076922 0.21875
7 0.20072115384615385 0.4891826923076923 0.10096153846153846 0.1466346153846154
7 0.042067307692307696 0.5961538461538461 0.08413461538461539 0.1778846153846154
7 0.1502403846153846 0.6430288461538461 0.15865384615384615 0.11778846153846154
7 0.06129807692307692 0.7307692307692307 0.057692307692307696 0.0985576923076923
7 0.18870192307692307 0.828125 0.16346153846153846 0.16826923076923078
7 0.2980769230769231 0.6766826923076923 0.13701923076923078 0.15865384615384615
7 0.3485576923076923 0.7115384615384616 0.0673076923076923 0.0889423076923077
7 0.4723557692307692 0.7211538461538461 0.08413461538461539 0.1778846153846154
7 0.5084134615384616 0.7007211538461539 0.07692307692307693 0.13942307692307693
7 0.5288461538461539 0.5432692307692307 0.12259615384615384 0.11778846153846154
7 0.5949519230769231 0.7379807692307693 0.12980769230769232 0.15625
7 0.7560096153846154 0.43028846153846156 0.17307692307692307 0.18028846153846154
7 0.828125 0.46875 0.15865384615384615 0.1346153846153846
7 0.9314903846153846 0.49278846153846156 0.10817307692307693 0.09615384615384616
7 0.8064903846153846 0.5829326923076923 0.14182692307692307 0.13701923076923078
7 0.8365384615384616 0.7259615384615384 0.0625 0.11298076923076923
7 0.9314903846153846 0.6634615384615384 0.07692307692307693 0.10096153846153846
7 0.9326923076923077 0.7427884615384616 0.1346153846153846 0.17067307692307693
7 0.9182692307692307 0.8413461538461539 0.16346153846153846 0.16346153846153846
7 0.9615384615384616 0.3894230769230769 0.07692307692307693 0.15865384615384615