7 0.23197115384615385 0.24639423076923078 0.12740384615384615 0.14903846153846154
7 0.14903846153846154 0.3557692307692308 0.15625 0.15625
7 0.11177884615384616 0.28966346153846156 0.07692307692307693 0.11778846153846154
7 0.09975961538461539 0.4891826923076923 0.15384615384615385 0.1346153846153846
7 0.028846153846153848 0.6442307692307693 0.057692307692307696 0.14423076923076922
7 0.11538461538461539 0.6658653846153846 0.09375 0.16346153846153846
7 0.2644230769230769 0.4026442307692308 0.11538461538461539 0.13942307692307693
7 0.19230769230769232 0.6394230769230769 0.08653846153846154 0.14182692307692307
7 0.2620192307692308 0.6165865384615384 0.08173076923076923 0.17548076923076922
7 0.38461538461538464 0.4543269230769231 0.10576923076923077 0.12980769230769232
7 0.42427884615384615 0.4795673076923077 0.09375 0.0889423076923077
7 0.5516826923076923 0.32572115384615385 0.0889423076923077 0.1466346153846154
7 0.7548076923076923 0.3894230769230769 0.09375 0.09615384615384616
7 0.8257211538461539 0.45552884615384615 0.08173076923076923 0.1658653846153846
7 0.8822115384615384 0.47115384615384615 0.09375 0.12259615384615384
7 0.953125 0.4639423076923077 0.09375 0.11538461538461539
7 0.9110576923076923 0.38221153846153844 0.11778846153846154 0.14423076923076922
7 0.5288461538461539 0.6009615384615384 0.07211538461538461 0.12259615384615384
7 0.5949519230769231 0.6899038461538461 0.0985576923076923 0.14903846153846154
7 0.48197115384615385 0.7151442307692307 0.0985576923076923 0.0985576923076923
7 0.4483173076923077 0.7788461538461539 0.11538461538461539 0.13221153846153846
7 0.78125 0.8425480769230769 0.09375 0.20192307692307693
7 0.875 0.90625 0.0889423076923077 0.18509615384615385