7 0.10096153846153846 0.7319711538461539 0.03365384615384615 0.06490384615384616
7 0.15264423076923078 0.7451923076923077 0.026442307692307692 0.05048076923076923
7 0.13942307692307693 0.6754807692307693 0.038461538461538464 0.04807692307692308
7 0.1935096153846154 0.5877403846153846 0.028846153846153848 0.038461538461538464
7 0.3088942307692308 0.546875 0.028846153846153848 0.04567307692307692
7 0.29447115384615385 0.4411057692307692 0.02403846153846154 0.04326923076923077
7 0.25841346153846156 0.421875 0.03365384615384615 0.036057692307692304
7 0.22716346153846154 0.43149038461538464 0.021634615384615384 0.03365384615384615
7 0.21634615384615385 0.36658653846153844 0.036057692307692304 0.04807692307692308
7 0.2512019230769231 0.35216346153846156 0.040865384615384616 0.052884615384615384
7 0.5252403846153846 0.29927884615384615 0.028846153846153848 0.052884615384615384
7 0.6262019230769231 0.3701923076923077 0.021634615384615384 0.04807692307692308
7 0.6610576923076923 0.3762019230769231 0.04567307692307692 0.04807692307692308
7 0.6237980769230769 0.2403846153846154 0.028846153846153848 0.028846153846153848
7 0.6454326923076923 0.20673076923076922 0.0625 0.052884615384615384
7 0.7043269230769231 0.6586538461538461 0.03365384615384615 0.052884615384615384
7 0.6875 0.7007211538461539 0.055288461538461536 0.04567307692307692
7 0.7235576923076923 0.7740384615384616 0.036057692307692304 0.04326923076923077
7 0.6947115384615384 0.8064903846153846 0.040865384615384616 0.040865384615384616
7 0.6742788461538461 0.8233173076923077 0.057692307692307696 0.07692307692307693