7 0.8533653846153846 0.5961538461538461 0.03125 0.04326923076923077
7 0.8966346153846154 0.6430288461538461 0.040865384615384616 0.055288461538461536
7 0.9086538461538461 0.6021634615384616 0.03365384615384615 0.04567307692307692
7 0.9423076923076923 0.6105769230769231 0.03365384615384615 0.057692307692307696
7 0.9699519230769231 0.5997596153846154 0.026442307692307692 0.055288461538461536
7 0.9783653846153846 0.5733173076923077 0.04326923076923077 0.05048076923076923
7 0.546875 0.3581730769230769 0.02403846153846154 0.04326923076923077
7 0.140625 0.9014423076923077 0.05048076923076923 0.057692307692307696
7 0.25721153846153844 0.8088942307692307 0.05048076923076923 0.04807692307692308
7 0.2668269230769231 0.8689903846153846 0.06971153846153846 0.06490384615384616
7 0.15144230769230768 0.4543269230769231 0.038461538461538464 0.052884615384615384
7 0.2127403846153846 0.4651442307692308 0.02403846153846154 0.04326923076923077
7 0.19831730769230768 0.4651442307692308 0.019230769230769232 0.03365384615384615
7 0.23918269230769232 0.49278846153846156 0.026442307692307692 0.055288461538461536
7 0.31009615384615385 0.47596153846153844 0.05048076923076923 0.06490384615384616
7 0.42788461538461536 0.4411057692307692 0.038461538461538464 0.06490384615384616
7 0.36778846153846156 0.42908653846153844 0.02403846153846154 0.05048076923076923
7 0.171875 0.36658653846153844 0.03365384615384615 0.03365384615384615
7 0.15384615384615385 0.36538461538461536 0.014423076923076924 0.028846153846153848
7 0.15745192307692307 0.3473557692307692 0.019230769230769232 0.040865384615384616
7 0.1310096153846154 0.3581730769230769 0.038461538461538464 0.05048076923076923
7 0.11899038461538461 0.3449519230769231 0.036057692307692304 0.04567307692307692
7 0.051682692307692304 0.296875 0.036057692307692304 0.04567307692307692
7 0.1141826923076923 0.27884615384615385 0.016826923076923076 0.028846153846153848
7 0.125 0.30528846153846156 0.021634615384615384 0.03365384615384615
7 0.12980769230769232 0.27283653846153844 0.019230769230769232 0.03365384615384615
7 0.19471153846153846 0.20072115384615385 0.02403846153846154 0.03365384615384615
7 0.31009615384615385 0.09615384615384616 0.026442307692307692 0.03125