7 0.5649038461538461 0.47596153846153844 0.04567307692307692 0.04326923076923077
7 0.6706730769230769 0.453125 0.052884615384615384 0.05048076923076923
7 0.7115384615384616 0.3858173076923077 0.04326923076923077 0.04807692307692308
7 0.7463942307692307 0.39663461538461536 0.026442307692307692 0.019230769230769232
7 0.7079326923076923 0.44711538461538464 0.02403846153846154 0.03125
7 0.7067307692307693 0.43028846153846156 0.028846153846153848 0.02403846153846154
7 0.734375 0.41586538461538464 0.04326923076923077 0.028846153846153848
7 0.7379807692307693 0.44471153846153844 0.038461538461538464 0.03365384615384615
7 0.765625 0.42788461538461536 0.03365384615384615 0.03125
7 0.7896634615384616 0.4110576923076923 0.038461538461538464 0.03125
7 0.7896634615384616 0.4338942307692308 0.019230769230769232 0.028846153846153848
7 0.8088942307692307 0.44350961538461536 0.03365384615384615 0.038461538461538464
7 0.8112980769230769 0.46875 0.036057692307692304 0.036057692307692304
7 0.8052884615384616 0.4206730769230769 0.038461538461538464 0.03125
7 0.8545673076923077 0.42908653846153844 0.038461538461538464 0.036057692307692304
7 0.8257211538461539 0.40384615384615385 0.04807692307692308 0.04807692307692308
7 0.8822115384615384 0.4050480769230769 0.05048076923076923 0.04567307692307692