7 0.13822115384615385 0.1814903846153846 0.10096153846153846 0.07932692307692307
7 0.0889423076923077 0.24158653846153846 0.08653846153846154 0.08413461538461539
7 0.3641826923076923 0.20552884615384615 0.0625 0.08173076923076923
7 0.6658653846153846 0.2860576923076923 0.09134615384615384 0.11298076923076923
7 0.6153846153846154 0.29086538461538464 0.057692307692307696 0.07211538461538461
7 0.38221153846153844 0.40024038461538464 0.11778846153846154 0.11778846153846154
7 0.3293269230769231 0.39663461538461536 0.055288461538461536 0.055288461538461536
7 0.27524038461538464 0.43509615384615385 0.09134615384615384 0.08173076923076923
7 0.21634615384615385 0.4014423076923077 0.09615384615384616 0.09375
7 0.1502403846153846 0.390625 0.057692307692307696 0.06009615384615385
7 0.30408653846153844 0.5769230769230769 0.11298076923076923 0.11057692307692307
7 0.7079326923076923 0.7043269230769231 0.10817307692307693 0.14182692307692307
7 0.8197115384615384 0.6682692307692307 0.10817307692307693 0.09375
7 0.8112980769230769 0.7439903846153846 0.10096153846153846 0.12259615384615384
7 0.8774038461538461 0.7403846153846154 0.08173076923076923 0.11057692307692307