7 0.15384615384615385 0.10697115384615384 0.057692307692307696 0.0673076923076923
7 0.34615384615384615 0.38822115384615385 0.07932692307692307 0.06971153846153846
7 0.34615384615384615 0.24158653846153846 0.07451923076923077 0.07932692307692307
7 0.38822115384615385 0.26322115384615385 0.026442307692307692 0.028846153846153848
7 0.4074519230769231 0.2620192307692308 0.028846153846153848 0.03125
7 0.4326923076923077 0.2668269230769231 0.052884615384615384 0.055288461538461536
7 0.4675480769230769 0.2860576923076923 0.06490384615384616 0.057692307692307696
7 0.5048076923076923 0.3112980769230769 0.0673076923076923 0.08173076923076923
7 0.5432692307692307 0.3581730769230769 0.05048076923076923 0.055288461538461536
7 0.5865384615384616 0.38822115384615385 0.057692307692307696 0.06971153846153846
7 0.6550480769230769 0.4423076923076923 0.07692307692307693 0.0985576923076923
7 0.75 0.5144230769230769 0.09615384615384616 0.1201923076923077