7 0.07572115384615384 0.3088942307692308 0.0889423076923077 0.1346153846153846
7 0.06490384615384616 0.41586538461538464 0.12740384615384615 0.11298076923076923
7 0.1658653846153846 0.3473557692307692 0.18028846153846154 0.13701923076923078
7 0.14543269230769232 0.5288461538461539 0.13221153846153846 0.16826923076923078
7 0.22115384615384615 0.42908653846153844 0.125 0.1201923076923077
7 0.3233173076923077 0.37740384615384615 0.15144230769230768 0.14903846153846154
7 0.41225961538461536 0.265625 0.16105769230769232 0.1466346153846154
7 0.5504807692307693 0.2980769230769231 0.20432692307692307 0.1778846153846154
7 0.47475961538461536 0.4543269230769231 0.11538461538461539 0.1466346153846154
7 0.7331730769230769 0.34375 0.13221153846153846 0.21394230769230768
7 0.6274038461538461 0.43509615384615385 0.15865384615384615 0.16826923076923078
7 0.6129807692307693 0.5612980769230769 0.14423076923076922 0.18990384615384615
7 0.4699519230769231 0.6129807692307693 0.17548076923076922 0.1466346153846154
7 0.6225961538461539 0.7127403846153846 0.21394230769230768 0.23317307692307693
7 0.8305288461538461 0.4362980769230769 0.24278846153846154 0.21394230769230768
7 0.7776442307692307 0.5757211538461539 0.08653846153846154 0.11298076923076923
7 0.8545673076923077 0.6706730769230769 0.2091346153846154 0.25721153846153844