7 0.2860576923076923 0.24639423076923078 0.04567307692307692 0.0625
7 0.14182692307692307 0.28125 0.04326923076923077 0.0625
7 0.4543269230769231 0.3269230769230769 0.040865384615384616 0.0625
7 0.4387019230769231 0.4266826923076923 0.04567307692307692 0.06009615384615385
7 0.4831730769230769 0.3942307692307692 0.03125 0.04807692307692308
7 0.5240384615384616 0.39903846153846156 0.021634615384615384 0.028846153846153848
7 0.5372596153846154 0.37259615384615385 0.028846153846153848 0.040865384615384616
7 0.5360576923076923 0.35336538461538464 0.016826923076923076 0.028846153846153848
7 0.5661057692307693 0.33413461538461536 0.03365384615384615 0.055288461538461536
7 0.5276442307692307 0.19951923076923078 0.04567307692307692 0.055288461538461536
7 0.7512019230769231 0.22596153846153846 0.04326923076923077 0.06009615384615385
7 0.7115384615384616 0.23798076923076922 0.026442307692307692 0.036057692307692304
7 0.5817307692307693 0.39663461538461536 0.057692307692307696 0.06971153846153846
7 0.5612980769230769 0.41225961538461536 0.03125 0.04326923076923077
7 0.5264423076923077 0.4266826923076923 0.03365384615384615 0.05048076923076923
7 0.5612980769230769 0.5120192307692307 0.04807692307692308 0.057692307692307696
7 0.578125 0.4735576923076923 0.038461538461538464 0.057692307692307696
7 0.5625 0.4543269230769231 0.038461538461538464 0.038461538461538464
7 0.625 0.4699519230769231 0.028846153846153848 0.06009615384615385
7 0.6971153846153846 0.4110576923076923 0.06971153846153846 0.06971153846153846
7 0.7055288461538461 0.5480769230769231 0.0625 0.057692307692307696
7 0.6105769230769231 0.7079326923076923 0.07211538461538461 0.08173076923076923
7 0.71875 0.6370192307692307 0.03365384615384615 0.04807692307692308
7 0.7391826923076923 0.7007211538461539 0.052884615384615384 0.07692307692307693
7 0.7764423076923077 0.71875 0.03125 0.052884615384615384
7 0.8040865384615384 0.7043269230769231 0.036057692307692304 0.04807692307692308
7 0.9014423076923077 0.6995192307692307 0.05048076923076923 0.06971153846153846
7 0.7632211538461539 0.7620192307692307 0.0673076923076923 0.07692307692307693