7 0.31971153846153844 0.578125 0.07211538461538461 0.09134615384615384
7 0.35096153846153844 0.4723557692307692 0.021634615384615384 0.057692307692307696
7 0.38822115384615385 0.45913461538461536 0.0673076923076923 0.07932692307692307
7 0.46274038461538464 0.4110576923076923 0.07211538461538461 0.12740384615384615
7 0.5252403846153846 0.41225961538461536 0.08653846153846154 0.11057692307692307
7 0.5817307692307693 0.43509615384615385 0.09615384615384616 0.0889423076923077
7 0.5456730769230769 0.5144230769230769 0.10817307692307693 0.1201923076923077
7 0.5048076923076923 0.5396634615384616 0.07211538461538461 0.13221153846153846
7 0.4423076923076923 0.7848557692307693 0.14423076923076922 0.12980769230769232
7 0.3545673076923077 0.7247596153846154 0.12980769230769232 0.10336538461538461
7 0.6971153846153846 0.6598557692307693 0.0889423076923077 0.15865384615384615