7 0.36538461538461536 0.13341346153846154 0.1466346153846154 0.20432692307692307
7 0.4387019230769231 0.08173076923076923 0.08173076923076923 0.13221153846153846
7 0.28966346153846156 0.25721153846153844 0.12259615384615384 0.15384615384615385
7 0.20072115384615385 0.22355769230769232 0.09615384615384616 0.15144230769230768
7 0.1778846153846154 0.34375 0.10576923076923077 0.18028846153846154
7 0.11298076923076923 0.43028846153846156 0.11298076923076923 0.16346153846153846
7 0.07091346153846154 0.5564903846153846 0.14182692307692307 0.14182692307692307
7 0.08052884615384616 0.7247596153846154 0.16105769230769232 0.24278846153846154
7 0.22115384615384615 0.5913461538461539 0.23798076923076922 0.18028846153846154
7 0.1875 0.7463942307692307 0.1346153846153846 0.25240384615384615
7 0.33533653846153844 0.6887019230769231 0.12259615384615384 0.17307692307692307
7 0.3629807692307692 0.84375 0.16346153846153846 0.18269230769230768
7 0.5396634615384616 0.8653846153846154 0.13701923076923078 0.2692307692307692
7 0.5985576923076923 0.6514423076923077 0.13221153846153846 0.1875
7 0.71875 0.7127403846153846 0.15144230769230768 0.27403846153846156
7 0.7764423076923077 0.3545673076923077 0.10096153846153846 0.18269230769230768
7 0.9290865384615384 0.35697115384615385 0.14182692307692307 0.2860576923076923
7 0.5564903846153846 0.4675480769230769 0.19951923076923078 0.22355769230769232
7 0.49278846153846156 0.31971153846153844 0.12980769230769232 0.18509615384615385
7 0.5865384615384616 0.18990384615384615 0.11538461538461539 0.14903846153846154
7 0.5829326923076923 0.3076923076923077 0.10817307692307693 0.12980769230769232
7 0.6634615384615384 0.25721153846153844 0.11057692307692307 0.15865384615384615
7 0.6754807692307693 0.1658653846153846 0.08413461538461539 0.1201923076923077
7 0.6971153846153846 0.09615384615384616 0.12740384615384615 0.12259615384615384